##FastQC	0.9
>>Basic Statistics	pass
#Measure	Value	
Filename	reads.ec.k75.fastq	
File type	Conventional base calls	
Total Sequences	79875407	
Sequence length	101	
%GC	49	
>>END_MODULE
>>Per base sequence quality	pass
#Base	Mean	Median	Lower Quartile	Upper Quartile	10th Percentile	90th Percentile
1	32.29916628781622	33.0	31.0	34.0	31.0	34.0
2	32.51008279682381	34.0	31.0	34.0	31.0	34.0
3	32.55518153416107	34.0	31.0	34.0	31.0	34.0
4	36.054371391184276	37.0	35.0	37.0	35.0	37.0
5	35.997897750931024	37.0	35.0	37.0	35.0	37.0
6	36.00014947028689	37.0	35.0	37.0	35.0	37.0
7	35.988269267911214	37.0	35.0	37.0	35.0	37.0
8	35.97802119493426	37.0	35.0	37.0	35.0	37.0
9	37.67278059691139	39.0	38.0	39.0	35.0	39.0
10	37.90055393395367	39.2	37.4	39.4	35.2	39.4
11	38.893679254742324	40.0	38.0	41.0	35.0	41.0
12	38.67790972007191	40.0	38.0	41.0	34.2	41.0
13	38.35659945745253	40.0	38.0	41.0	34.0	41.0
14	38.11575327559834	40.0	38.0	41.0	33.2	41.0
15	37.8716060476537	40.0	37.0	41.0	33.0	41.0
16	37.60727171005213	39.8	36.8	41.0	32.0	41.0
17	37.14001177859412	39.0	35.6	40.8	31.2	41.0
18	36.31489423772201	38.2	34.8	40.0	30.6	41.0
19	35.85623876695865	37.0	34.6	39.8	30.2	41.0
20	34.8215352292352	35.4	33.8	38.8	29.0	40.6
21	33.77848552058082	35.0	33.0	36.8	27.8	39.6
22	32.80689371385613	35.0	32.2	35.4	26.2	38.2
23	31.839869423137962	34.2	31.2	35.0	25.0	36.2
24	31.33171819706659	34.0	31.0	35.0	24.0	35.8
25	30.484119921917898	34.0	30.4	35.0	20.8	35.0
26	29.453594148196327	34.0	29.2	35.0	14.0	35.0
27	28.053849698693863	33.0	27.8	35.0	2.0	35.0
28	25.498069330651425	31.5	22.5	34.5	2.0	35.0
>>END_MODULE
>>Per sequence quality scores	pass
#Quality	Count
2	1364.0
3	813.0
4	1155.0
5	1876.0
6	3284.0
7	5882.0
8	10787.0
9	18145.0
10	28308.0
11	40839.0
12	54840.0
13	70529.0
14	87252.0
15	107263.0
16	135214.0
17	168719.0
18	208096.0
19	252008.0
20	299005.0
21	353048.0
22	418362.0
23	499469.0
24	603758.0
25	736489.0
26	902546.0
27	1105092.0
28	1353186.0
29	1658206.0
30	2043368.0
31	2549310.0
32	3256722.0
33	4303355.0
34	6046205.0
35	9335290.0
36	1.5521879E7
37	1.8196308E7
38	8257404.0
39	1237289.0
40	2742.0
>>END_MODULE
>>Per base sequence content	pass
#Base	G	A	T	C
1	14214073	25164755	13171058	27325521
2	19073130	22131666	26512970	12157641
3	16493875	23464285	20948715	18968532
4	18477369	21062581	20458891	19876566
5	20025679	20883231	20350311	18616186
6	18926527	20260687	19965707	20722486
7	20279275	20507134	20043625	19045373
8	17206833	19501245	22889595	20277734
9	18461311	18348526	22852961	20212609
10-14	19477109	19513008	20785016	20100274
15-19	19405090	20114351	20784569	19571397
20-24	19089841	20094444	20567167	20123955
25-29	19414768	20207881	20190249	20062509
30-34	19443674	20253436	20382002	19796295
35-39	19319043	20181761	20171785	20202818
40-44	19773196	20195802	19908967	19997442
45-49	19866650	20188315	20041167	19779275
50-54	19517670	19965928	20037816	20353993
55-59	19716239	20089403	19833782	20235983
60-64	19729184	20143011	20141257	19861955
65-69	19549095	20011728	20139789	20174795
70-74	19584404	20125265	19994544	20171194
75-79	19593295	20127354	20388351	19766407
80-84	19518354	19921078	20259987	20175988
85-89	19668668	19989317	20028152	20189270
90-94	19645530	20059995	20337689	19832193
95-99	19544492	19854248	20271161	20205506
100-101	19716130	19948952	20019562	20190763
>>END_MODULE
>>Per base GC content	warn
#Base	%GC
1	52.005486494735486
2	39.09935757823431
3	44.397153431718976
4	48.01720133958128
5	48.377675246149295
6	49.63857398560736
7	49.23248528799359
8	46.92879624388017
9	48.41780649706111
10-14	49.197849345543865
15-19	49.76808669031257
20-24	49.60842853670842
25-29	49.72240379319757
30-34	49.922077767941765
35-39	49.874940856326404
40-44	49.8881474244006
45-49	49.996780861473425
50-54	49.950645509699875
55-59	49.99258708002577
60-64	50.02863722497214
65-69	49.9600276215181
70-74	49.98603788022013
75-79	50.03958277170344
80-84	49.96203850329051
85-89	49.989504779612574
90-94	50.056882214071216
95-99	49.98581903939469
100-101	50.05917278142946
>>END_MODULE
>>Per sequence GC content	fail
#GC Content	Count
0	1005.0
1	1009.0
2	1002.0
3	1186.5
4	1446.0
5	2573.5
6	2845.0
7	1829.0
8	1503.0
9	1875.5
10	3050.5
11	4389.5
12	6181.0
13	8647.0
14	9621.5
15	10503.5
16	15907.0
17	26190.0
18	36924.5
19	48091.0
20	61831.5
21	78944.5
22	97010.5
23	120271.0
24	156953.5
25	198439.0
26	240832.5
27	293335.5
28	350962.0
29	391459.5
30	445688.0
31	504950.0
32	543241.0
33	584145.0
34	628717.5
35	657002.0
36	684282.0
37	726608.5
38	773601.0
39	837189.0
40	942308.5
41	1091631.5
42	1268343.5
43	1503247.0
44	1804482.0
45	2152250.5
46	2568595.5
47	3035382.5
48	3499355.5
49	3951268.5
50	4365996.0
51	4711446.5
52	4954468.5
53	5051589.0
54	4993664.0
55	4772730.5
56	4384221.5
57	3852581.0
58	3244490.0
59	2628761.5
60	2038716.0
61	1509604.5
62	1066447.0
63	721981.5
64	473548.0
65	299489.0
66	182047.5
67	108134.5
68	61741.0
69	33871.0
70	19017.5
71	10715.5
72	5767.5
73	3000.5
74	1487.0
75	804.5
76	595.5
77	409.0
78	187.5
79	66.5
80	39.5
81	21.5
82	5.0
83	1.5
84	0.0
85	0.0
86	0.0
87	0.0
88	0.0
89	0.0
90	0.0
91	0.0
92	0.0
93	0.0
94	0.0
95	0.0
96	0.0
97	2.0
98	10.5
99	62.5
100	66.5
>>END_MODULE
>>Per base N content	pass
#Base	N-Count
1	0.0
2	0.0
3	0.0
4	0.0
5	0.0
6	0.0
7	0.0
8	0.0
9	0.0
10-14	0.0
15-19	0.0
20-24	0.0
25-29	0.0
30-34	0.0
35-39	0.0
40-44	0.0
45-49	0.0
50-54	0.0
55-59	0.0
60-64	0.0
65-69	0.0
70-74	0.0
75-79	0.0
80-84	0.0
85-89	0.0
90-94	0.0
95-99	0.0
100-101	0.0
>>END_MODULE
>>Sequence Length Distribution	pass
#Length	Count
101	7.9875407E7
>>END_MODULE
>>Sequence Duplication Levels	fail
#Total Duplicate Percentage	86.34452333356312
#Duplication Level	Relative count
1	100.0
2	140.4665753227086
3	128.29379101463908
4	96.93156414509266
5	64.44797000072114
6	38.78632725174876
7	22.86723876829884
8	12.958823105213817
9	7.301507175308286
10++	109.08271435782794
>>END_MODULE
>>Overrepresented sequences	pass
>>END_MODULE
>>Kmer Content	pass
>>END_MODULE
