Base	G	A	T	C
1	14214073	25164755	13171058	27325521
2	19073130	22131666	26512970	12157641
3	16493875	23464285	20948715	18968532
4	18477369	21062581	20458891	19876566
5	20025679	20883231	20350311	18616186
6	18926527	20260687	19965707	20722486
7	20279275	20507134	20043625	19045373
8	17206833	19501245	22889595	20277734
9	18461311	18348526	22852961	20212609
10-14	19477109	19513008	20785016	20100274
15-19	19405090	20114351	20784569	19571397
20-24	19089841	20094444	20567167	20123955
25-29	19414768	20207881	20190249	20062509
30-34	19443674	20253436	20382002	19796295
35-39	19319043	20181761	20171785	20202818
40-44	19773196	20195802	19908967	19997442
45-49	19866650	20188315	20041167	19779275
50-54	19517670	19965928	20037816	20353993
55-59	19716239	20089403	19833782	20235983
60-64	19729184	20143011	20141257	19861955
65-69	19549095	20011728	20139789	20174795
70-74	19584404	20125265	19994544	20171194
75-79	19593295	20127354	20388351	19766407
80-84	19518354	19921078	20259987	20175988
85-89	19668668	19989317	20028152	20189270
90-94	19645530	20059995	20337689	19832193
95-99	19544492	19854248	20271161	20205506
100-101	19716130	19948952	20019562	20190763
