##FastQC	0.9
>>Basic Statistics	pass
#Measure	Value	
Filename	440_A_CGTACG_L003.2.fastq	
File type	Conventional base calls	
Total Sequences	42264242	
Sequence length	101	
%GC	49	
>>END_MODULE
>>Per base sequence quality	fail
#Base	Mean	Median	Lower Quartile	Upper Quartile	10th Percentile	90th Percentile
1	31.599388390781975	33.0	31.0	34.0	30.0	34.0
2	31.81348306211194	34.0	31.0	34.0	30.0	34.0
3	31.825882858611305	34.0	31.0	34.0	30.0	34.0
4	35.30817919318179	37.0	35.0	37.0	33.0	37.0
5	35.279048373800244	37.0	35.0	37.0	33.0	37.0
6	35.29210264790742	37.0	35.0	37.0	33.0	37.0
7	35.28186661906772	37.0	35.0	37.0	33.0	37.0
8	35.27662800624698	37.0	35.0	37.0	32.0	37.0
9	36.85207462137851	39.0	37.0	39.0	33.0	39.0
10	37.04224379086226	39.2	37.2	39.4	32.8	39.4
11	37.89989065934272	40.0	38.0	41.0	32.8	41.0
12	37.598117945661954	40.0	37.6	41.0	32.0	41.0
13	37.219159889345704	40.0	37.0	41.0	31.0	41.0
14	37.11153538255814	40.0	37.0	41.0	30.8	41.0
15	36.70001801522905	39.4	36.2	41.0	30.0	41.0
16	36.12740182587446	39.0	35.2	40.6	28.8	41.0
17	35.34260799945259	38.0	34.4	40.0	26.8	41.0
18	34.408285467417116	37.0	33.4	39.6	26.2	40.6
19	34.43596517358574	36.6	33.8	39.6	26.4	41.0
20	33.38234936758123	35.2	33.0	38.6	25.6	40.4
21	32.283793917326136	35.0	32.0	36.6	23.2	39.4
22	31.25966961858679	34.8	31.0	35.4	20.4	38.0
23	30.291946615297157	34.0	30.2	35.0	16.2	36.4
24	29.369260383280977	34.0	29.2	35.0	6.6	35.4
25	28.375932524709658	33.4	27.8	35.0	2.0	35.0
26	27.22250515695987	33.0	25.6	35.0	2.0	35.0
27	25.66119509726449	32.4	21.8	34.8	2.0	35.0
28	23.145798143025964	30.5	2.0	33.5	2.0	34.5
>>END_MODULE
>>Per sequence quality scores	pass
#Quality	Count
2	224628.0
3	44237.0
4	44824.0
5	50141.0
6	59780.0
7	73808.0
8	92889.0
9	113027.0
10	130312.0
11	142756.0
12	149210.0
13	151962.0
14	155265.0
15	161372.0
16	175181.0
17	193514.0
18	214624.0
19	239218.0
20	267274.0
21	301336.0
22	341469.0
23	388319.0
24	443658.0
25	510947.0
26	590391.0
27	689904.0
28	810515.0
29	962447.0
30	1157140.0
31	1418573.0
32	1785898.0
33	2324179.0
34	3205541.0
35	4793411.0
36	7512103.0
37	8213006.0
38	3588434.0
39	541531.0
40	1418.0
>>END_MODULE
>>Per base sequence content	pass
#Base	G	A	T	C
1	7487401	13246950	6967341	14449220
2	10066969	11715506	14004105	6360159
3	8732397	12427349	10992896	9993937
4	9769435	11079601	10760324	10532350
5	10623250	11018256	10740298	9761237
6	10065491	10687132	10521120	10912300
7	10757753	10809610	10599477	10017112
8	9127449	10323892	12092274	10642920
9	9804833	9697495	12058579	10623794
10-14	10324684	10305181	10991573	10569269
15-19	10302453	10622431	10988011	10277951
20-24	10132989	10609876	10869883	10583023
25-29	10303836	10668528	10672321	10549704
30-34	10323009	10687791	10786856	10399775
35-39	10249711	10651880	10667345	10624059
40-44	10499637	10653397	10527010	10514495
45-49	10551868	10651587	10595006	10398428
50-54	10376329	10536522	10591287	10693666
55-59	10478704	10598064	10486841	10637846
60-64	10483502	10637155	10645732	10433760
65-69	10404728	10558646	10631447	10603149
70-74	10433834	10612711	10553324	10598603
75-79	10431617	10618618	10761481	10385012
80-84	10390373	10518594	10691707	10602278
85-89	10449984	10561227	10570241	10616249
90-94	10444013	10602938	10729269	10423471
95-99	10400456	10485492	10688100	10624619
100-101	10492332	10530667	10557429	10615349
>>END_MODULE
>>Per base GC content	fail
#Base	%GC
1	52.043051879873914
2	38.97603560740488
3	44.43144483921222
4	48.17503845952146
5	48.36975812922471
6	49.72685160350308
7	49.24826626011712
8	46.86416886335889
9	48.426625093301006
10-14	49.18572025869338
15-19	49.778609418713245
20-24	49.65341591273905
25-29	49.76744503264646
30-34	49.9894348531547
35-39	49.947124367161095
40-44	50.00341926676648
45-49	50.14078413988384
50-54	50.04135583493825
55-59	50.05238000043929
60-64	50.09127393173066
65-69	50.04441722392101
70-74	50.09607787035251
75-79	50.160921526430755
80-84	50.112389048632856
85-89	50.16613312109579
90-94	50.265999159548926
95-99	50.23941024495766
100-101	50.56657207515881
>>END_MODULE
>>Per sequence GC content	fail
#GC Content	Count
0	49167.0
1	25524.5
2	1871.5
3	2033.5
4	2221.5
5	2656.5
6	2687.5
7	2147.0
8	1894.5
9	2032.5
10	2574.5
11	3221.5
12	4237.0
13	5487.0
14	6042.5
15	6680.0
16	9453.5
17	14779.5
18	20537.5
19	26648.5
20	33965.5
21	42809.5
22	52631.0
23	65301.0
24	84760.5
25	106546.0
26	129082.5
27	156940.0
28	187344.0
29	209591.0
30	237959.5
31	269029.0
32	290309.5
33	311885.0
34	334570.0
35	350580.5
36	366319.0
37	388845.5
38	413832.0
39	448144.0
40	503532.0
41	579798.5
42	671057.0
43	792480.5
44	946992.0
45	1126371.5
46	1338839.5
47	1577029.5
48	1815745.5
49	2047139.5
50	2258458.5
51	2433084.5
52	2559486.0
53	2614405.5
54	2589513.5
55	2483483.0
56	2293268.5
57	2030067.0
58	1727096.5
59	1416634.0
60	1114901.0
61	841716.0
62	609686.0
63	425922.0
64	290311.5
65	192151.5
66	123543.5
67	78525.0
68	48938.0
69	30080.5
70	18934.0
71	12119.5
72	7631.5
73	4900.0
74	3315.5
75	2292.5
76	1684.5
77	1244.0
78	866.5
79	622.5
80	481.0
81	388.0
82	315.0
83	240.5
84	199.5
85	167.0
86	127.5
87	109.0
88	92.0
89	66.5
90	54.5
91	54.0
92	47.0
93	42.5
94	41.5
95	37.0
96	34.0
97	29.5
98	28.0
99	27.0
100	23.0
>>END_MODULE
>>Per base N content	pass
#Base	N-Count
1	0.2681462972883792
2	0.2780198920875004
3	0.27839846270045493
4	0.28991883966592846
5	0.2867696053794127
6	0.18502402101521187
7	0.18997146571326182
8	0.1838599163803766
9	0.18819928203136826
10-14	0.1666023017755766
15-19	0.15972272731165982
20-24	0.1537654455035536
25-29	0.15616842246928267
30-34	0.15629997575728438
35-39	0.14312761127953036
40-44	0.13335717697243926
45-49	0.12797958141541968
50-54	0.13004468410908682
55-59	0.1414316149334939
60-64	0.15796095432162252
65-69	0.15929068359962542
70-74	0.15756960695048075
75-79	0.15388895416603002
80-84	0.15637663630640766
85-89	0.1484077249037141
90-94	0.1526638050198558
95-99	0.16091853723533006
100-101	0.15979583876128667
>>END_MODULE
>>Sequence Length Distribution	pass
#Length	Count
101	4.2264242E7
>>END_MODULE
>>Sequence Duplication Levels	fail
#Total Duplicate Percentage	58.773000074094206
#Duplication Level	Relative count
1	100.0
2	55.02024873595169
3	30.70858594330354
4	14.32987467350411
5	6.055450384606168
6	2.659893125014977
7	1.3970429656610195
8	0.8363087393065107
9	0.7164937336752055
10++	27.906112961587308
>>END_MODULE
>>Overrepresented sequences	pass
>>END_MODULE
>>Kmer Content	pass
>>END_MODULE
