Base	G	A	T	C
1	7487401	13246950	6967341	14449220
2	10066969	11715506	14004105	6360159
3	8732397	12427349	10992896	9993937
4	9769435	11079601	10760324	10532350
5	10623250	11018256	10740298	9761237
6	10065491	10687132	10521120	10912300
7	10757753	10809610	10599477	10017112
8	9127449	10323892	12092274	10642920
9	9804833	9697495	12058579	10623794
10-14	10324684	10305181	10991573	10569269
15-19	10302453	10622431	10988011	10277951
20-24	10132989	10609876	10869883	10583023
25-29	10303836	10668528	10672321	10549704
30-34	10323009	10687791	10786856	10399775
35-39	10249711	10651880	10667345	10624059
40-44	10499637	10653397	10527010	10514495
45-49	10551868	10651587	10595006	10398428
50-54	10376329	10536522	10591287	10693666
55-59	10478704	10598064	10486841	10637846
60-64	10483502	10637155	10645732	10433760
65-69	10404728	10558646	10631447	10603149
70-74	10433834	10612711	10553324	10598603
75-79	10431617	10618618	10761481	10385012
80-84	10390373	10518594	10691707	10602278
85-89	10449984	10561227	10570241	10616249
90-94	10444013	10602938	10729269	10423471
95-99	10400456	10485492	10688100	10624619
100-101	10492332	10530667	10557429	10615349
