seq	len	coverage	depth
unplaced-203	796	0.977386934673367	1.57663316582915
unplaced-337	223	1	64.152466367713
unplaced-660	220	1	97.7727272727273
scaffold-222	6205	0.992586623690572	2.64625302175665
unplaced-129	213	1	2.94366197183099
unplaced-116	312	1	7.98397435897436
scaffold-242	68507	1	6.20361422920285
scaffold-653	18342	1	5.54486969796096
scaffold-624	15450	1	4.0210355987055
scaffold-748	16049	0.958626705713752	3.89301514113029
scaffold-722	17875	1	6.85868531468531
scaffold-529	2746	1	8.59286234522942
unplaced-580	317	1	2.9589905362776
unplaced-321	205	1	102.956097560976
unplaced-656	281	1	97.5907473309609
scaffold-806	9324	1	8.04997854997855
scaffold-471	5345	1	5.01870907390084
unplaced-366	366	1	80.4644808743169
unplaced-115	201	1	116.174129353234
unplaced-246	279	1	2.42293906810036
unplaced-145	771	1	16.1258106355383
scaffold-267	214	1	2.96728971962617
unplaced-613	664	1	4.49849397590361
scaffold-422	26193	1	5.59565532775933
scaffold-634	8892	0.787112010796221	2.9899910031489
unplaced-450	733	1	10.5197817189632
scaffold-750	4829	1	5.50735141851315
unplaced-361	201	1	63.0845771144279
scaffold-124	82139	0.999549544065547	4.54663436370056
scaffold-747	19629	1	3.58989250598604
scaffold-855	201	0.990049751243781	0.990049751243781
scaffold-38	614	0.99185667752443	0.99185667752443
scaffold-782	78597	0.938712673511712	3.73870503963256
unplaced-137	324	1	1
scaffold-810	1311	1	4.60183066361556
scaffold-101	249	1	1.96385542168675
unplaced-50	201	1	88.2537313432836
unplaced-407	213	0	0
scaffold-631	57432	0.940573199609974	4.12832567209918
scaffold-13	614	1	1.87622149837134
unplaced-155	206	0.577669902912621	0.577669902912621
scaffold-455	37598	1	5.55513591148465
scaffold-415	1216	1	24.7845394736842
unplaced-512	201	1	69.9601990049751
unplaced-464	218	1	66.545871559633
unplaced-539	967	1	5.46535677352637
unplaced-12	356	1	106.943820224719
unplaced-432	388	1	3.97938144329897
scaffold-609	4637	1	5.05952124218245
scaffold-155	1097	1	3.98814949863263
unplaced-654	237	1	63.3713080168776
scaffold-436	2382	1	3.76364399664148
scaffold-355	17058	1	4.12404736780396
unplaced-79	222	1	3.95945945945946
unplaced-492	246	1	97.6829268292683
scaffold-528	3309	1	4.81112118464793
scaffold-444	15106	1	5.84224811333245
scaffold-264	24734	1	4.72236597396297
unplaced-638	1345	1	6.22453531598513
scaffold-702	312	0.416666666666667	0.416666666666667
scaffold-235	267	0	0
unplaced-439	201	1	211.606965174129
unplaced-85	711	1	1.70042194092827
unplaced-293	239	1	48.652719665272
unplaced-86	204	1	67.8039215686274
scaffold-517	200	1	108.38
unplaced-489	369	1	61.0948509485095
unplaced-552	205	1	66.5512195121951
scaffold-404	50730	1	8.19097181155135
scaffold-738	36094	1	4.57815703441015
unplaced-419	732	1	126.372950819672
scaffold-662	953	1	2.15215110178384
unplaced-541	687	1	7.8471615720524
scaffold-294	160897	0.977016352076173	4.58832047831843
unplaced-649	210	1	97.8047619047619
scaffold-870	24271	0.985373490997487	4.49796052902641
scaffold-763	21038	1	4.79494248502709
scaffold-546	2880	1	7.27673611111111
scaffold-126	823	1	4
unplaced-65	304	1	130.651315789474
unplaced-272	374	1	4.96256684491979
scaffold-229	18693	1	5.75252768415985
unplaced-416	1346	1	5.981426448737
unplaced-165	201	1	37.8855721393035
unplaced-122	212	0	0
unplaced-497	267	1	107.61797752809
unplaced-217	201	1	98.4378109452736
unplaced-8	409	1	3.99511002444988
scaffold-113	585	1	2.66495726495726
scaffold-299	1473	1	81.8682959945689
unplaced-45	454	0	0
scaffold-711	83263	0.994715539915689	6.26349038588569
unplaced-471	696	1	10.9295977011494
scaffold-319	63057	1	5.73514439316809
scaffold-184	215	0	0
scaffold-709	890	1	2.5685393258427
unplaced-648	234	1	42.8376068376068
scaffold-414	25930	1	7.80246818357115
scaffold-522	10209	1	5.41610343814282
scaffold-543	95720	0.958535311324697	5.90235060593397
scaffold-534	21813	1	4.7827900793105
unplaced-36	237	1	1.9915611814346
scaffold-378	418	0	0
scaffold-495	28558	1	5.0581973527558
scaffold-94	5224	1	3.70865237366003
unplaced-601	452	1	2.8429203539823
unplaced-2	227	1	105.171806167401
unplaced-72	421	1	146.524940617577
unplaced-561	574	1	144.482578397213
scaffold-841	201	0.995024875621891	0.995024875621891
unplaced-90	297	1	3
scaffold-675	24274	1	6.3948669358161
unplaced-253	205	1	47.3853658536585
scaffold-595	101966	1	4.72160327952455
unplaced-577	845	1	9.88402366863905
unplaced-685	327	1	99.5840978593272
scaffold-819	243	1	1
scaffold-366	5632	1	4.27965198863636
unplaced-176	355	1	2.82816901408451
scaffold-335	48378	1	5.69732109636612
scaffold-731	569	0.882249560632689	0.882249560632689
scaffold-768	6316	1	6.17811906269791
unplaced-441	369	1	110.566395663957
unplaced-351	413	1	4.97094430992736
scaffold-488	39174	1	8.021391739419
scaffold-620	4408	1	4.8516333938294
scaffold-6	19541	1	6.50555242822783
unplaced-666	201	1	60.5522388059701
unplaced-389	1384	1	12.3504335260116
unplaced-274	378	1	97.0132275132275
unplaced-268	201	1	55.2189054726368
scaffold-322	368	0.989130434782609	0.989130434782609
unplaced-479	232	1	73.551724137931
scaffold-789	286	1	1
scaffold-346	9033	1	5.48499944647404
scaffold-696	242	0	0
scaffold-307	228	0	0
scaffold-137	431	0	0
unplaced-422	200	1	73.195
scaffold-20	65664	0.99625365497076	4.39187378167641
scaffold-47	54608	1	4.55392982713156
scaffold-577	355	1	7.18028169014084
scaffold-858	231	0	0
scaffold-199	591	1	3.9678510998308
unplaced-230	224	0.977678571428571	0.977678571428571
unplaced-532	457	1	111.849015317287
scaffold-876	228	1	6.22368421052632
unplaced-572	623	1	6.1139646869984
scaffold-175	13610	0.843203526818516	3.32116091109478
unplaced-130	542	1	134.891143911439
scaffold-287	63565	0.990041689609062	4.35950601746244
scaffold-877	225	0	0
scaffold-865	230	0	0
unplaced-521	520	1	2.93269230769231
scaffold-164	487	0	0
scaffold-792	38806	1	7.02417151986806
scaffold-64	46338	1	5.55651948724589
scaffold-433	66583	1	5.8635087034228
scaffold-681	1765	0.998866855524079	3.16600566572238
scaffold-278	64726	0.966072366591478	5.63617402589377
scaffold-361	16940	0.97668240850059	2.28512396694215
scaffold-589	31619	0.969701761599039	5.51427938897498
scaffold-202	33869	1	7.77421831173049
scaffold-100	4637	1	2.35238300625404
scaffold-794	36657	1	6.42199307090051
unplaced-140	720	1	7.72777777777778
scaffold-325	48281	1	5.50823305233943
scaffold-380	21370	1	7.66438933083762
scaffold-216	45884	1	6.04831749629501
unplaced-517	275	1	73.6072727272727
scaffold-285	584	1	2.53424657534247
scaffold-428	1752	0.799086757990868	0.799086757990868
scaffold-604	17228	1	5.62079173438588
unplaced-376	200	1	69.1
unplaced-220	201	0.930348258706468	0.930348258706468
unplaced-237	201	1	59.7611940298507
scaffold-616	736	0	0
scaffold-827	1977	1	3.15073343449671
unplaced-197	201	1	60.2686567164179
scaffold-308	33802	1	6.08499497071179
scaffold-450	52962	1	5.11030550205808
unplaced-240	369	1	101.766937669377
scaffold-463	8712	1	6.133608815427
scaffold-442	10184	1	3.39444226237235
scaffold-160	27357	0.998501297656907	5.11225646086925
unplaced-634	473	1	119.84778012685
unplaced-548	461	1	125.498915401302
unplaced-102	201	1	66.273631840796
scaffold-683	203	1	1
scaffold-61	16940	1	3.83724911452184
scaffold-886	267	0	0
scaffold-644	12075	0.975403726708075	7.54484472049689
scaffold-478	457	0	0
unplaced-385	327	0.996941896024465	1.95718654434251
scaffold-398	129375	0.996382608695652	5.64357874396135
scaffold-641	33814	1	4.50393328207251
unplaced-69	638	1	7.98746081504702
unplaced-524	562	1	112.480427046263
unplaced-352	229	1	2.95633187772926
scaffold-724	33914	1	3.76422716282361
scaffold-305	29888	1	6.12861349036403
scaffold-297	10303	1	5.2555566339901
scaffold-801	14000	1	4.65678571428571
scaffold-752	486	1	8.61728395061728
scaffold-629	48068	1	3.30777232254306
scaffold-357	251	0.537848605577689	0.537848605577689
scaffold-275	377	0	0
unplaced-495	285	1	105.459649122807
scaffold-754	201	0	0
scaffold-103	10857	1	5.11301464492954
scaffold-231	1739	1	9.5215641173088
unplaced-88	212	0.599056603773585	0.599056603773585
scaffold-182	59204	0.99989865549625	5.42618741976893
scaffold-636	216	0.662037037037037	0.662037037037037
scaffold-187	9766	1	5.45463854187999
scaffold-887	226	0	0
scaffold-737	843	1	1.38315539739027
scaffold-276	5146	0.998834045860863	4.31947143412359
scaffold-270	64946	0.902087888399594	3.39934714993995
scaffold-220	6336	1	5.01309974747475
scaffold-510	20613	1	5.4964342890409
scaffold-882	200	0	0
unplaced-510	302	1	104.738410596026
scaffold-292	95266	1	4.72094976171982
unplaced-559	471	0.997876857749469	2.03184713375796
unplaced-363	200	1	170.69
unplaced-174	287	0.993031358885017	0.993031358885017
unplaced-52	201	1	214.8407960199
unplaced-678	420	1	57.6071428571429
unplaced-59	203	0	0
unplaced-623	1078	1	134.467532467532
scaffold-396	42449	0.991401446441612	5.03364036844213
scaffold-251	11336	1	8.50070571630205
scaffold-650	12264	1	4.98165362035225
scaffold-130	7162	1	6.66168667969841
scaffold-825	5428	1	3.31061164333088
scaffold-83	46604	1	4.11799416359111
unplaced-392	258	1	68.5697674418605
scaffold-244	237	0	0
scaffold-660	10969	1	6.02270033731425
scaffold-247	62388	1	5.22057126370456
unplaced-568	482	0	0
unplaced-526	264	0.647727272727273	0.647727272727273
unplaced-55	312	0.884615384615385	0.884615384615385
scaffold-417	11775	1	6.83898089171975
scaffold-27	95597	0.999403746979508	4.49176229379583
scaffold-131	200	1	10.84
unplaced-537	340	1	89.7852941176471
scaffold-209	4332	1	8.01131117266851
scaffold-157	33859	1	4.79650905224608
unplaced-469	403	1	86.5558312655087
unplaced-544	242	1	1.98347107438017
scaffold-106	79872	0.998798076923077	5.54965444711539
scaffold-834	3698	1	6.70010816657653
scaffold-122	679	1	1.15758468335788
unplaced-63	201	1	29.955223880597
scaffold-580	24161	1	5.05773767642068
scaffold-11	6506	1	5.67276360282816
unplaced-206	594	1	7.81818181818182
unplaced-642	244	1	2.9672131147541
unplaced-38	384	0	0
scaffold-180	117205	1	5.05480994838104
unplaced-283	201	1	71.5970149253731
unplaced-70	351	1	112.273504273504
scaffold-688	60018	0.991535872571562	4.47640707787664
scaffold-49	525	0	0
scaffold-36	14361	0.954459995822018	5.47642921802103
unplaced-76	247	1	97.6396761133603
scaffold-363	5062	0.870209403397866	2.0738838403793
scaffold-4	6080	0.999835526315789	5.67434210526316
unplaced-178	201	1	34.1791044776119
unplaced-92	201	1	61.0845771144279
scaffold-657	1399	1	5.42959256611866
unplaced-662	271	0.985239852398524	1.95940959409594
scaffold-677	2830	0.999646643109541	3.06678445229682
unplaced-550	201	1	70.2587064676617
unplaced-480	315	1	110.438095238095
unplaced-302	579	1	121.343696027634
unplaced-216	201	1	77.1442786069652
scaffold-189	30736	0.964146277980219	3.81048282144716
scaffold-778	2368	1	13.980152027027
unplaced-608	363	1	127.845730027548
unplaced-405	201	1	46.1890547263682
scaffold-224	8904	1	4.78447888589398
scaffold-804	308	1	1
unplaced-299	217	0	0
scaffold-845	23060	1	5.9059843885516
unplaced-387	693	1	122.359307359307
scaffold-505	1826	1	4.27217962760131
scaffold-457	14449	1	6.69001314969894
scaffold-790	67946	0.998807876843376	7.23418597121243
scaffold-741	10255	1	8.77230619210141
unplaced-153	201	1	42.5373134328358
scaffold-144	15410	0.999870214146658	6.46002595717067
scaffold-541	6189	1	6.59573436742608
scaffold-330	609	1	4.82594417077176
unplaced-113	358	1	4.42458100558659
scaffold-452	42722	0.975235241795796	4.01107157904592
unplaced-453	515	0.984466019417476	0.984466019417476
unplaced-43	256	1	10.73828125
scaffold-582	387	0.994832041343669	0.994832041343669
unplaced-31	200	0.985	0.985
scaffold-558	12905	1	5.26509104998063
scaffold-880	295	1	1
unplaced-477	204	1	63.8921568627451
scaffold-663	261	1	4.99616858237548
unplaced-668	1258	1	11.1860095389507
unplaced-258	200	1	62.835
scaffold-429	21007	1	5.95225401056791
unplaced-226	201	1	2.93034825870647
scaffold-22	61617	0.977473749127676	4.83183212425142
scaffold-780	33274	1	6.10326380958105
unplaced-151	217	1	7.94009216589862
scaffold-647	32982	1	4.49481535382936
scaffold-162	12028	0.960758230794812	4.08089457931493
scaffold-843	326	1	16.1073619631902
unplaced-455	280	1	95.7107142857143
unplaced-248	434	1	97.5783410138249
scaffold-200	5486	1	7.71144732045206
unplaced-570	223	1	85.4439461883408
unplaced-368	239	1	110.65690376569
unplaced-675	211	0.938388625592417	0.938388625592417
unplaced-199	235	1	68.5744680851064
scaffold-602	16505	0.952802181157225	3.79236594971221
scaffold-260	2905	1	3.99311531841652
unplaced-378	805	1	114.168944099379
scaffold-697	201	0.980099502487562	0.980099502487562
scaffold-532	10275	1	4.22160583941606
scaffold-368	36411	1	5.43061162835407
unplaced-229	329	1	3.9726443768997
scaffold-494	92964	1	6.74157738479411
scaffold-337	1074	1	29.4478584729981
scaffold-214	5439	1	6.53759882331311
unplaced-371	217	1	58.2995391705069
scaffold-351	12774	1	6.14960075152654
scaffold-593	68310	1	5.91503440199092
unplaced-494	264	1	6.97348484848485
unplaced-565	235	0	0
scaffold-717	973	1	3.91880781089414
unplaced-403	201	1	61.955223880597
unplaced-276	360	1	9.96666666666667
unplaced-233	214	0	0
unplaced-530	401	1	95.0798004987531
scaffold-533	2065	1	2.60532687651332
scaffold-771	944	1	3.0593220338983
scaffold-670	44441	1	6.01676379919444
unplaced-535	1106	1	12.6555153707052
unplaced-438	220	0	0
scaffold-375	27596	1	5.56798086679229
unplaced-319	884	1	5.20475113122172
unplaced-161	464	1	55.6077586206897
unplaced-651	276	1	85.981884057971
unplaced-263	340	1	4.55882352941176
unplaced-27	200	1	65.965
unplaced-598	1161	1	19.0353143841516
unplaced-343	495	1	5.96565656565657
scaffold-152	47223	0.925968278169536	4.04474514537408
unplaced-193	569	1	5.99824253075571
unplaced-500	557	1	106.843806104129
unplaced-14	200	1	94.83
unplaced-9	359	1	3.96935933147632
unplaced-591	230	1	79.6217391304348
scaffold-664	2859	0.999300454704442	8.42672263029031
scaffold-96	49242	1	4.5419763616425
scaffold-685	51594	0.993972167306276	4.72142109547622
scaffold-796	105078	0.976664953653476	5.04669864291288
scaffold-391	18923	1	5.51831105004492
scaffold-327	7489	0.999065295767125	8.04312992388837
unplaced-67	265	1	93.2377358490566
scaffold-566	3260	1	4.96441717791411
unplaced-636	570	1	5.37543859649123
scaffold-40	52772	1	3.83991510649587
scaffold-526	323	1	6.98452012383901
scaffold-387	636	1	3.44339622641509
scaffold-817	349	0.997134670487106	0.997134670487106
unplaced-185	549	1	5.71948998178506
scaffold-570	6365	1	15.5992144540456
scaffold-197	484	1	3.72520661157025
unplaced-344	201	1	47.726368159204
unplaced-328	477	1	6.66666666666667
unplaced-448	205	1	53.4926829268293
scaffold-177	3405	1	2.68575624082232
scaffold-874	201	1	61.0149253731343
scaffold-98	848	1	5.99292452830189
unplaced-681	273	1	3.94505494505495
unplaced-239	216	1	37.1527777777778
unplaced-423	200	1	72.455
scaffold-468	38725	1	4.39881213686249
unplaced-563	201	1	74.1641791044776
unplaced-327	352	1	10.9346590909091
scaffold-646	7562	0.999735519703782	4.05646654324253
unplaced-687	367	1	99.0354223433243
scaffold-868	1688	1	8.7345971563981
unplaced-281	502	1	99.7231075697211
scaffold-679	20495	1	6.43537448158087
scaffold-547	566	0	0
unplaced-168	201	1	56.044776119403
scaffold-503	85919	0.998952501774928	5.63018657107275
unplaced-515	284	1	67.4330985915493
scaffold-302	4434	1	6.80784844384303
scaffold-185	65011	0.998384888711141	5.07100336866069
scaffold-71	80379	1	6.29285012254445
unplaced-459	291	1	94.2302405498282
scaffold-459	50501	1	5.0402764301697
unplaced-275	200	1	27.635
scaffold-85	60628	0.946575839546084	4.33492775615227
unplaced-167	1376	1	8.64244186046512
scaffold-481	48444	0.98173148377508	5.22863512509289
unplaced-261	201	1	36.7213930348259
unplaced-232	237	1	85.3713080168776
unplaced-225	200	1	202.83
scaffold-158	21744	1	6.32362950699043
scaffold-112	56276	0.991683843912147	5.14906887483119
unplaced-605	406	1	13.9827586206897
scaffold-672	39692	0.999748060062481	7.24105613221808
scaffold-314	56214	1	6.93051552993916
scaffold-461	78400	0.986441326530612	5.38117346938775
unplaced-545	206	1	52.6165048543689
unplaced-426	459	1	8.48366013071895
scaffold-706	209	1	2.96172248803828
scaffold-117	93293	0.992561071034268	6.01456700931474
unplaced-333	1494	1	11.9484605087015
scaffold-151	858	1	2.77156177156177
unplaced-39	200	0	0
unplaced-214	201	1	94.273631840796
scaffold-256	48831	0.997255841576048	5.04847330589175
unplaced-125	316	1	2
scaffold-73	107536	0.987706442493677	5.22852812081535
scaffold-108	73826	0.99619375287839	5.70835478015875
unplaced-486	201	1	32.4129353233831
unplaced-17	232	0	0
unplaced-359	314	1	60.7898089171975
scaffold-757	3624	1	3.95612582781457
scaffold-674	5584	1	2.06142550143266
unplaced-610	216	0.990740740740741	1.69907407407407
unplaced-74	216	1	5.79166666666667
unplaced-374	201	1	214.388059701493
unplaced-280	537	1	7.37616387337058
scaffold-178	23463	0.976388356135192	4.70643140263393
scaffold-476	3818	1	6.99266631744369
scaffold-822	101317	1	5.731219834776
scaffold-146	11151	1	3.06492691238454
scaffold-767	8155	1	9.55413856529736
unplaced-427	201	1	71.3781094527363
scaffold-210	15800	0.957848101265823	5.88582278481013
unplaced-326	201	1	10.6119402985075
unplaced-682	364	1	95.8598901098901
scaffold-392	51162	0.983777022008522	5.06756968062234
scaffold-374	80518	1	5.78299262276758
scaffold-261	83493	0.988298420226845	5.18635095157678
scaffold-163	19355	1	8.25781451821235
scaffold-44	40140	1	6.31013951170902
scaffold-851	2897	1	4.02347255781843
scaffold-26	4770	1	8.75366876310273
unplaced-509	560	1	114.205357142857
unplaced-420	428	1	109.628504672897
unplaced-573	223	1	76.1793721973094
unplaced-395	258	1	2.94961240310078
unplaced-290	334	1	1.76946107784431
scaffold-467	2480	1	4.09395161290323
unplaced-287	352	1	1
scaffold-321	23040	1	7.09926215277778
unplaced-557	1215	1	6.94485596707819
scaffold-39	537	0.891992551210428	0.891992551210428
unplaced-181	257	0	0
unplaced-583	239	0	0
scaffold-881	10617	1	6.17377790336253
scaffold-213	4692	1	4.64769820971867
unplaced-474	215	0	0
scaffold-359	27609	1	6.39530587851787
scaffold-273	2717	1	10.76996687523
unplaced-40	203	0.990147783251232	0.990147783251232
scaffold-513	184575	0.99592035757822	4.40843017743465
unplaced-435	387	1	102.987080103359
unplaced-249	200	1	16.945
unplaced-380	446	1	1
unplaced-28	367	1	5.96457765667575
unplaced-171	238	1	1
unplaced-89	354	1	89.5875706214689
scaffold-194	243	0	0
scaffold-861	307	1	1
scaffold-599	11584	1	8.01346685082873
scaffold-786	201	0	0
scaffold-34	68460	0.97434998539293	4.84408413672217
unplaced-556	529	1	4.99621928166352
scaffold-447	139899	0.992508881407301	5.37917354663007
scaffold-339	9074	1	3.2258100066123
unplaced-413	1649	1	10.5239539114615
scaffold-555	9753	1	6.91971701015072
scaffold-784	5457	1	9.20139270661536
scaffold-141	19807	1	5.57903771393952
scaffold-332	6141	1	9.04982901807523
scaffold-824	3056	1	4.2830497382199
scaffold-206	7483	1	5.47320593344915
scaffold-291	41200	0.999902912621359	5.5929854368932
scaffold-619	2991	1	5.20327649615513
scaffold-17	87891	1	5.42771159731941
scaffold-745	43831	1	6.27868403641259
scaffold-492	12528	1	5.67153575989783
unplaced-617	201	1	126.029850746269
unplaced-525	308	1	1
scaffold-282	316	0	0
unplaced-462	201	0	0
scaffold-539	27127	0.991152726066281	3.43889851439525
unplaced-622	271	1	1.98523985239852
scaffold-638	4598	1	7.4954327968682
scaffold-289	494	1	1
scaffold-799	239	0	0
unplaced-567	201	1	207.507462686567
scaffold-25	209	0	0
scaffold-797	18831	1	6.28787637406404
scaffold-312	266	0.988721804511278	0.988721804511278
scaffold-540	17330	1	4.70905943450664
unplaced-502	3153	1	4.14779575007929
unplaced-48	310	1	1.99677419354839
scaffold-715	22099	0.999954749083669	4.86583103307842
scaffold-65	14289	0.930366015816362	3.97627545664497
unplaced-391	944	1	135.79343220339
unplaced-187	641	1	5.49921996879875
scaffold-519	203	0	0
scaffold-371	556	1	4.1205035971223
scaffold-578	17080	1	4.74151053864169
scaffold-564	43272	0.99766592715844	4.5808837123313
scaffold-729	27605	1	3.75736279659482
scaffold-690	55616	0.995828538550057	5.1439334004603
scaffold-649	744	1	3.99596774193548
unplaced-414	217	1	98.9078341013825
unplaced-119	390	1	13.4820512820513
unplaced-289	240	0	0
scaffold-438	20650	1	5.35331719128329
scaffold-454	375	0.904	0.904
unplaced-346	413	1	1
unplaced-301	201	1	62.8756218905473
unplaced-106	243	0	0
scaffold-569	29647	0.962019765912234	4.55182649171923
scaffold-168	444	0.984234234234234	0.984234234234234
unplaced-587	640	1	3.678125
scaffold-572	60164	0.966707665713716	4.5558473505751
unplaced-466	364	1	116.519230769231
scaffold-51	35525	1	5.03352568613652
unplaced-628	236	1	79.3983050847458
scaffold-233	2094	1	3.7378223495702
unplaced-585	566	1	5.75088339222615
scaffold-585	657	1	2.66971080669711
scaffold-280	15527	1	6.33348360919688
scaffold-30	7282	1	5.30939302389453
scaffold-837	375	0.997333333333333	0.997333333333333
unplaced-694	534	1	32.8426966292135
scaffold-655	4593	1	2.40561724363161
unplaced-317	201	1	38.0298507462687
scaffold-523	32622	1	6.15897247256453
unplaced-658	221	0	0
scaffold-848	27720	1	5.53282828282828
unplaced-446	215	0	0
scaffold-424	1855	1	3.76765498652291
scaffold-666	4660	1	6.10579399141631
scaffold-635	31413	1	5.55489765383758
scaffold-560	296	1	1
scaffold-263	201	0	0
unplaced-593	218	1	71.2798165137615
unplaced-163	324	1	104.490740740741
scaffold-362	2321	1	8.13270142180095
unplaced-533	492	1	4.9979674796748
scaffold-779	61289	1	5.82303512865278
scaffold-704	38490	1	7.3623798389192
scaffold-610	201	0	0
scaffold-500	38487	1	5.87611401252371
scaffold-120	4863	1	6.33251079580506
unplaced-259	851	1	156.011750881316
scaffold-42	86112	1	4.95497723894463
unplaced-331	335	1	1.99402985074627
scaffold-712	26452	1	5.96045667624376
scaffold-119	3632	1	10.2296255506608
scaffold-832	116220	0.999561177077956	4.94314231629668
scaffold-687	324	1	3.98148148148148
scaffold-340	34913	1	5.18970011170624
unplaced-314	328	1	5.83536585365854
unplaced-19	992	1	115.907258064516
scaffold-78	57149	0.999982501881048	4.97559012406166
unplaced-484	201	1	222.333333333333
unplaced-306	302	1	9.8046357615894
scaffold-425	13620	1	4.39530102790015
unplaced-478	238	1	1.65126050420168
unplaced-339	218	1	169.04128440367
unplaced-3	331	1	1.98489425981873
scaffold-736	201	1	39.9253731343284
scaffold-201	2841	1	8.3255895811334
unplaced-560	542	1	113.234317343173
unplaced-148	200	1	68.97
unplaced-201	293	1	103.358361774744
scaffold-651	1148	1	1.38763066202091
scaffold-353	73050	1	5.30202600958248
scaffold-121	2304	1	4.55164930555556
scaffold-249	1338	1	4.57847533632287
unplaced-227	258	1	2.95736434108527
unplaced-607	650	1	7.68923076923077
unplaced-562	201	1	8.82587064676617
scaffold-643	12711	1	5.21202108410039
scaffold-334	50318	1	5.81169760324337
unplaced-354	200	1	225.295
unplaced-56	3418	1	9.17817437097718
scaffold-52	645	1	1.6062015503876
unplaced-73	1373	1	121.620538965768
scaffold-323	1365	1	20.229304029304
scaffold-521	5251	1	5.90363740239954
scaffold-115	316	0	0
scaffold-227	9637	1	2.70758534813739
unplaced-692	231	0	0
unplaced-408	244	0	0
scaffold-615	21256	1	4.49618931125329
scaffold-68	4512	1	4.73847517730496
unplaced-396	200	1	40.405
unplaced-357	365	1	99.1561643835616
unplaced-518	374	1	9.20588235294118
unplaced-196	201	1	62.273631840796
unplaced-6	250	0.968	0.968
scaffold-53	27989	1	7.56915216692272
scaffold-486	26342	0.999962037810341	5.0043656518108
unplaced-619	237	0	0
unplaced-429	240	0.991666666666667	0.991666666666667
unplaced-135	544	1	62.5367647058824
scaffold-701	27845	1	4.71977015622194
unplaced-528	200	1	71.275
scaffold-720	220	0	0
scaffold-143	427	1	1
scaffold-465	36455	1	4.668083939103
unplaced-195	381	1	91.1496062992126
scaffold-46	201	1	30.9850746268657
unplaced-265	300	1	4
unplaced-96	201	1	79.5970149253731
scaffold-642	36337	0.941437102677711	3.10631037234774
unplaced-127	240	1	1.99166666666667
scaffold-545	443	1	3.72234762979684
unplaced-350	415	1	2.73012048192771
unplaced-110	200	1	65.72
scaffold-812	728	0.451923076923077	0.748626373626374
unplaced-244	459	0.215686274509804	0.215686274509804
scaffold-776	266	1	2.66165413533835
scaffold-733	27875	1	6.4162869955157
unplaced-24	237	1	92.6877637130802
unplaced-143	271	0	0
scaffold-553	17114	1	5.25669042888863
scaffold-376	16015	1	4.54136746799875
unplaced-476	212	1	65.6792452830189
unplaced-452	407	1	2
scaffold-134	2208	1	1.96150362318841
unplaced-457	546	1	108.771062271062
scaffold-483	527	1	1
unplaced-188	265	1	88.4641509433962
scaffold-439	396	0.992424242424242	0.992424242424242
scaffold-279	68186	0.999985334232834	6.08234828263867
unplaced-382	201	0	0
unplaced-406	201	0	0
scaffold-102	284	0.985915492957746	0.985915492957746
scaffold-354	4619	1	5.11106300064949
scaffold-109	32554	0.958868341832033	4.4599741967193
unplaced-615	209	1	59.2200956937799
scaffold-75	21827	1	4.22637100838411
unplaced-401	200	1	91.815
scaffold-607	422	0	0
scaffold-385	168275	1	5.24948447481801
unplaced-434	201	1	21.8905472636816
scaffold-530	253	0	0
unplaced-487	965	1	134.410362694301
unplaced-295	532	1	6.96804511278195
unplaced-83	201	1	7.95522388059702
scaffold-192	7878	0.922188372683422	1.42739273927393
unplaced-646	201	1	48.8756218905473
unplaced-34	530	1	120.688679245283
scaffold-406	3215	1	7.59129082426128
scaffold-864	4742	1	8.03015605229861
scaffold-605	91508	0.990022730253093	4.9242579883726
scaffold-537	253	0	0
scaffold-427	1191	1	3.24517212426532
unplaced-157	202	0.965346534653465	0.965346534653465
scaffold-759	457	0	0
scaffold-252	64443	0.985584159644958	4.94809366416833
scaffold-761	221	0	0
unplaced-10	243	1	74.5473251028807
scaffold-536	2965	1	4.1504215851602
scaffold-243	72729	0.984036629130058	3.96130841892505
scaffold-92	9146	0.857861360157446	2.53848677017275
scaffold-820	1765	1	8.5042492917847
scaffold-28	21717	0.99995395312428	5.15002072109407
scaffold-373	12154	1	4.29743294388679
unplaced-324	201	1	57.0248756218905
scaffold-258	277	1	1.6173285198556
unplaced-173	201	1	50.6119402985075
unplaced-323	316	1	123.607594936709
unplaced-277	268	1	4.36567164179105
scaffold-445	32449	1	8.18801812074332
unplaced-120	220	1	86.3181818181818
scaffold-623	11413	1	3.69911504424779
scaffold-309	6553	1	6.22798718144361
unplaced-270	200	1	36.515
unplaced-211	2385	1	4.08888888888889
unplaced-292	201	0.995024875621891	1.96517412935323
unplaced-504	332	0	0
scaffold-219	6778	0.995131307170257	2.69135438182355
scaffold-310	73185	0.99262143881943	5.29914599986336
unplaced-603	441	1	105.124716553288
unplaced-175	201	1	3
unplaced-684	201	1	85.6666666666667
scaffold-727	1365	1	1.7025641025641
scaffold-32	527	0.981024667931689	0.981024667931689
scaffold-284	54283	1	7.16944531437098
scaffold-480	21043	1	4.56066150263746
scaffold-694	663	1	7.83257918552036
unplaced-655	293	1	2.92832764505119
scaffold-692	424	0	0
scaffold-805	205	0.990243902439024	0.990243902439024
unplaced-639	347	1	86.7550432276657
unplaced-61	291	0	0
scaffold-829	5355	1	3.16601307189542
unplaced-22	201	1	77.1641791044776
scaffold-364	639	1	4.94679186228482
unplaced-626	200	1	61.69
unplaced-490	201	1	136.547263681592
unplaced-146	201	0	0
unplaced-99	646	1	118.811145510836
scaffold-600	103675	0.999932481311792	5.08838196286472
scaffold-238	10129	1	5.14670747359068
scaffold-878	4884	1	7.22092547092547
unplaced-117	429	1	61.4685314685315
unplaced-100	361	1	95.5761772853186
scaffold-408	90772	0.982450535407394	4.04565284448949
scaffold-456	18457	1	4.94197323508696
scaffold-328	23694	1	7.26002363467544
scaffold-135	65228	0.993193107254553	6.08067087753725
unplaced-398	201	1	54.6318407960199
scaffold-15	1021	1	5.00195886385896
scaffold-576	52401	0.982194996278697	6.29446002938875
scaffold-12	3329	1	5.64884349654551
unplaced-255	2200	1	18.935
scaffold-240	272	0	0
scaffold-63	106225	1	5.78837373499647
unplaced-589	397	1	117.823677581864
scaffold-710	201	1	30.3333333333333
scaffold-808	201	1	28.4975124378109
scaffold-574	465	0.993548387096774	1.96774193548387
unplaced-279	632	1	6.66930379746835
scaffold-58	3057	1	3.11089303238469
unplaced-304	274	1	1
scaffold-884	201	1	47.771144278607
scaffold-734	569	1	2.97539543057996
scaffold-774	320	0	0
unplaced-472	220	0	0
scaffold-88	798	1	3.58145363408521
scaffold-269	18844	1	8.08676501804288
unplaced-595	329	1	93.1033434650456
unplaced-482	591	1	117.116751269036
unplaced-671	300	1	75.7333333333333
scaffold-8	6226	0.938001927401221	3.16768390619981
unplaced-257	200	1	66.23
scaffold-411	29686	0.894394664151452	3.04146735835074
unplaced-664	264	1	85.8333333333333
scaffold-562	52285	1	5.86493258104619
scaffold-173	289	0	0
scaffold-509	5016	1	4.96232057416268
unplaced-138	1054	1	128.057874762808
unplaced-674	224	1	78.6919642857143
scaffold-613	2936	1	11.5596049046322
scaffold-587	6855	1	5.70882567469001
scaffold-166	23155	1	4.77836320449147
scaffold-171	605	1	11.697520661157
unplaced-222	260	1	77.1230769230769
scaffold-432	3162	1	6.07716635041113
unplaced-365	295	1	5.62033898305085
scaffold-110	1509	1	2.99933730947647
scaffold-183	1128	1	6.8563829787234
scaffold-814	3795	1	7.99420289855072
scaffold-499	23458	0.999957370619831	4.03256884644897
unplaced-312	469	1	6.67377398720682
scaffold-148	788	1	16.7982233502538
unplaced-234	222	1	1
unplaced-46	317	1	92.615141955836
scaffold-830	202	0	0
unplaced-531	327	1	92.2110091743119
unplaced-513	201	1	63.681592039801
scaffold-836	242	0	0
scaffold-871	236	0	0
scaffold-5	201	0	0
unplaced-133	309	0	0
unplaced-109	232	0.987068965517241	0.987068965517241
unplaced-632	394	1	109.708121827411
scaffold-204	23310	1	4.48524238524239
scaffold-342	10476	0.99971363115693	3.60891561664758
scaffold-667	134703	1	4.97541999806983
scaffold-474	26401	1	8.06681565092231
scaffold-676	1616	1	4.97462871287129
scaffold-57	3884	1	5.25978372811535
scaffold-139	70484	0.999943249531809	5.71034561035129
scaffold-842	415	0	0
scaffold-400	5007	1	9.1825444377871
unplaced-404	299	1	127.688963210702
scaffold-145	10295	1	4.16940262263235
scaffold-3	6266	1	6.8511011809767
scaffold-311	26795	0.986415376002986	5.58566896809106
unplaced-564	309	1	7.99676375404531
scaffold-669	29084	1	5.89310273690001
unplaced-377	201	0	0
unplaced-228	286	1	1.81818181818182
unplaced-590	298	1	5
unplaced-152	262	1	76.8053435114504
scaffold-592	6944	1	5.02736175115207
scaffold-621	107384	0.97380429114207	4.61467257692021
scaffold-875	15936	1	4.28627008032128
scaffold-23	35420	1	4.56197063805759
scaffold-138	8257	1	3.82051592588107
unplaced-209	1062	0.754237288135593	1.50564971751412
scaffold-507	5133	1	7.47243327488798
scaffold-716	2261	1	9.57983193277311
unplaced-30	201	1	51.3582089552239
scaffold-586	10400	1	4.44567307692308
unplaced-444	592	1	109.407094594595
unplaced-68	217	1	6.78801843317972
scaffold-236	3787	1	8.63797200950621
unplaced-498	267	1	107.378277153558
scaffold-793	6993	1	5.1983411983412
unplaced-71	201	1	65.7910447761194
unplaced-251	201	1	40.9353233830846
scaffold-336	81892	0.991708591803839	5.73147560201241
unplaced-499	381	1	102.291338582677
scaffold-254	200	0	0
scaffold-345	55682	0.988577996480012	6.48223842534392
scaffold-174	205	0	0
unplaced-597	251	1	80.1434262948207
unplaced-267	268	0	0
scaffold-70	39598	0.999924238597909	4.45158846406384
scaffold-603	2515	1	5.25566600397614
scaffold-866	327	1	24.6360856269113
scaffold-1	33954	1	6.53454673970666
scaffold-479	41892	0.932875011935453	4.74684904038957
unplaced-431	287	1	11.3310104529617
unplaced-198	347	1	3.48703170028818
scaffold-434	80977	0.982155426849599	5.61632315348803
unplaced-370	201	1	148.890547263682
scaffold-640	28068	0.996971640302123	3.25798061849793
unplaced-430	292	1	7.98287671232877
scaffold-369	27226	0.980863880114596	4.96653933739808
unplaced-549	201	1	85.2587064676617
unplaced-456	424	1	88.0353773584906
unplaced-221	526	1	109.119771863118
scaffold-245	81651	0.992406706592693	4.74486534151449
unplaced-134	429	0.892773892773893	0.892773892773893
scaffold-885	201	1	2.95522388059702
unplaced-0	201	1	5.38805970149254
unplaced-194	203	1	64.8423645320197
scaffold-62	879	1	6.81911262798635
scaffold-165	7552	1	4.86189088983051
unplaced-98	271	1	97.2472324723247
unplaced-384	281	1	85.1850533807829
unplaced-600	350	1	100.94
scaffold-567	1657	1	4.42848521424261
unplaced-260	287	0	0
scaffold-181	7633	1	3.8680728416088
scaffold-682	210	0.985714285714286	1.94285714285714
unplaced-231	201	1	1
scaffold-79	18638	1	7.29976392316772
unplaced-388	281	1	99.2170818505338
unplaced-101	200	0.995	1.98
scaffold-441	2172	1	15.7546040515654
unplaced-318	201	1	36.865671641791
scaffold-725	19814	1	6.61900676289492
unplaced-523	205	1	67.580487804878
unplaced-360	221	1	31.1538461538462
scaffold-559	201	1	40.3781094527363
scaffold-826	5870	1	2.49284497444634
unplaced-659	684	1	129.766081871345
unplaced-633	220	1	1.96818181818182
unplaced-686	316	0	0
unplaced-612	422	1	97.2630331753554
scaffold-753	45940	0.989921636917719	6.58670004353505
scaffold-691	821	1	4
scaffold-469	451	1	2.16186252771619
scaffold-684	857	0	0
unplaced-183	265	1	109.143396226415
unplaced-141	201	1	37.1940298507463
scaffold-818	201	0.462686567164179	0.462686567164179
scaffold-77	15412	0.99980534648326	4.41837529198027
unplaced-554	284	1	3.99647887323944
scaffold-19	27581	0.965447228164316	5.72412167796672
scaffold-730	9268	1	9.67749244712991
scaffold-772	47679	1	5.50978418171522
scaffold-645	1160	1	5.52931034482759
scaffold-693	741	1	7.62753036437247
scaffold-37	15495	1	3.51016456921588
unplaced-463	206	1	63.252427184466
scaffold-811	245	0.995918367346939	3.64081632653061
scaffold-198	470	0	0
unplaced-540	627	0	0
scaffold-654	47806	1	5.57666401706899
scaffold-410	24691	0.960876432708274	5.58251994653923
scaffold-632	215	0	0
unplaced-144	312	0	0
scaffold-196	354	0.997175141242938	0.997175141242938
scaffold-550	92937	1	5.44309586063678
scaffold-446	19817	0.999949538275218	4.11893828531059
unplaced-204	315	1	3.65396825396825
scaffold-758	261	0.992337164750958	0.992337164750958
unplaced-64	251	1	75.9243027888446
scaffold-95	34932	1	5.62255238749571
unplaced-191	229	1	81.061135371179
scaffold-99	119945	0.993388636458377	5.66376255783901
unplaced-690	263	1	1.6958174904943
unplaced-320	709	1	8.98166431593794
scaffold-383	276	0	0
scaffold-472	2716	1	6.32511045655376
unplaced-87	218	1	58.9678899082569
scaffold-803	201	1	45.3333333333333
unplaced-128	336	1	103.041666666667
scaffold-625	30838	0.99591413191517	5.79006420649848
unplaced-53	299	1	5.93645484949833
unplaced-154	327	1	93.3608562691132
scaffold-626	7158	0.982676725342274	2.89661916736519
scaffold-205	8903	1	7.5953049533865
scaffold-390	265	1	2.98867924528302
scaffold-360	60496	1	6.77178656440095
unplaced-437	611	1	11.5253682487725
unplaced-136	201	1	40.0497512437811
scaffold-250	16914	1	3.73459855740806
scaffold-421	33132	1	6.87739949293734
scaffold-527	17898	0.979718404290982	2.80036875628562
scaffold-856	230	0	0
unplaced-311	963	1	2.99688473520249
scaffold-81	11108	1	15.381976953547
scaffold-356	75984	0.998210149505159	5.2150847546852
scaffold-531	1673	1	9.10101613867304
unplaced-367	265	1	88.1698113207547
scaffold-191	136274	0.98977060921379	5.22047492551771
scaffold-485	141818	1	5.21918938357613
unplaced-13	511	1	13.7964774951076
scaffold-783	66624	0.988892891450528	5.35003902497598
unplaced-653	201	1	49.8507462686567
unplaced-369	310	0	0
unplaced-637	217	1	82.9354838709677
scaffold-397	35057	0.975354422797159	5.69518213195653
unplaced-271	360	1	103.561111111111
unplaced-581	238	1	72.6638655462185
scaffold-849	333	0	0
unplaced-614	561	1	103.308377896613
unplaced-355	269	1	1
unplaced-336	1006	0.995029821073559	0.995029821073559
unplaced-676	201	0.990049751243781	0.990049751243781
unplaced-449	262	0	0
scaffold-608	20774	0.999855588716665	5.36247232117069
scaffold-458	390	1	2.9974358974359
unplaced-641	201	1	27.6169154228856
scaffold-153	736	1	5.97961956521739
scaffold-286	41790	1	6.66719310839914
scaffold-760	12531	0.99984039581837	4.6150347139095
scaffold-318	12892	1	5.11348122866894
unplaced-305	201	1	222.960199004975
unplaced-273	217	1	1
unplaced-205	201	1	34.8059701492537
scaffold-413	20942	1	8.95415910610257
scaffold-833	88491	1	5.44698330903708
unplaced-340	200	1	67.76
scaffold-223	33935	1	6.13343156033594
scaffold-190	2667	1	3.45594300712411
scaffold-601	24453	1	5.7837893101051
unplaced-44	214	1	2.94859813084112
unplaced-511	594	1	144.212121212121
unplaced-285	314	0	0
unplaced-440	348	1	5.05172413793103
scaffold-127	696	0.995689655172414	0.995689655172414
scaffold-515	36520	0.996631982475356	5.31393756845564
unplaced-254	214	1	74.1682242990654
scaffold-678	121371	1	5.59996209967785
unplaced-640	201	1	36.3880597014925
scaffold-844	78338	1	5.07417855957517
scaffold-116	30736	0.999967464862051	6.55345523165018
scaffold-740	201	1	1.9452736318408
unplaced-506	219	1	60.9132420091324
unplaced-284	201	1	69.5870646766169
unplaced-150	200	1	8.8
scaffold-498	42246	0.999976329119917	4.49117076172892
scaffold-661	38983	1	5.61334427827515
scaffold-708	11975	1	5.70204592901879
scaffold-719	52690	0.990966027709243	6.13342190168913
unplaced-470	795	1	5.98490566037736
scaffold-504	3397	1	3.20253164556962
scaffold-300	1041	1	6.93948126801153
unplaced-215	338	1	82.2662721893491
unplaced-551	268	0	0
scaffold-857	289	0	0
unplaced-335	483	1	95.5320910973085
scaffold-516	240	0.9875	1.95416666666667
unplaced-5	206	1	48.873786407767
scaffold-10	5328	1	4.39602102102102
scaffold-403	3063	1	5.48873653281097
unplaced-218	239	0	0
scaffold-535	298	0	0
unplaced-114	254	0	0
scaffold-777	13699	1	6.35090152565881
unplaced-35	360	1	3.98333333333333
unplaced-411	204	0.975490196078431	0.975490196078431
scaffold-557	25457	1	5.41194956200652
scaffold-590	1167	1	5.61696658097686
unplaced-454	297	1	107.784511784512
scaffold-338	241	0.991701244813278	0.991701244813278
scaffold-9	2198	1	4.05732484076433
unplaced-379	256	1	86.640625
scaffold-781	24118	0.98739530641015	6.02927274235011
scaffold-350	363	0	0
scaffold-443	628	1	11.7484076433121
scaffold-588	279	1	1.98566308243728
unplaced-670	200	1	85.875
unplaced-424	316	1	123.427215189873
unplaced-402	377	0.978779840848806	1.83289124668435
unplaced-381	201	1	3
scaffold-728	12545	1	6.21179752889597
unplaced-345	679	1	6.34904270986745
unplaced-131	513	1	6.96101364522417
scaffold-215	29006	1	6.73622698751982
scaffold-579	898	1	4.1347438752784
scaffold-420	106476	0.983414102708592	6.1094143281115
unplaced-630	208	1	61.9855769230769
scaffold-401	201	0	0
unplaced-680	297	1	96.1717171717172
unplaced-386	200	1	38.685
scaffold-839	6467	1	7.93830214937374
unplaced-578	242	0	0
unplaced-372	277	0	0
unplaced-447	1159	1	8.19672131147541
scaffold-698	10273	1	9.32999123917064
unplaced-66	215	1	85.4511627906977
scaffold-816	4929	0.981334956380605	4.04605396632177
scaffold-648	202	0	0
scaffold-493	438	0.938356164383562	0.938356164383562
scaffold-860	201	1	3.8407960199005
scaffold-125	42849	0.983266820695932	5.9469999299867
unplaced-507	328	1	3.99085365853659
scaffold-788	924	1	3.27813852813853
unplaced-1	207	0	0
scaffold-755	50377	0.993369990273339	7.23471028445521
scaffold-147	597	1	3.89614740368509
unplaced-667	201	1	58.7064676616915
unplaced-32	201	1	39.0199004975124
unplaced-418	468	1	5.44871794871795
unplaced-629	240	1	83.3083333333333
scaffold-437	262	1	3.95419847328244
unplaced-501	205	1	66.8292682926829
unplaced-390	301	1	1
unplaced-164	2949	1	11.2078670735843
scaffold-316	27602	1	6.21302804144627
scaffold-462	97767	0.978182822424745	4.48069389466793
unplaced-652	201	1	42.2985074626866
scaffold-60	13038	1	6.26867617732781
scaffold-695	6277	1	4.75752748128087
unplaced-592	2189	1	10.2814070351759
scaffold-597	8718	1	7.64739619178711
unplaced-192	273	1	2.97802197802198
scaffold-217	55739	1	5.88040689642799
scaffold-388	203	0	0
scaffold-714	11630	1	5.47171109200344
unplaced-104	221	1	67.6651583710407
unplaced-624	257	0.992217898832685	0.992217898832685
unplaced-491	1165	1	13.9115879828326
unplaced-693	344	0	0
scaffold-381	28088	1	6.73088151523782
unplaced-15	421	1	98.6603325415677
scaffold-326	16524	0.983841684822077	4.09168482207698
unplaced-599	219	1	87.8630136986301
scaffold-873	200	1	2
scaffold-552	37407	1	5.56866361910872
unplaced-160	480	1	99.8125
unplaced-349	244	1	57.2418032786885
scaffold-69	25602	1	5.8221232716194
unplaced-338	201	1	55.8756218905473
unplaced-238	343	1	95.3090379008746
scaffold-399	61482	0.999219283692788	4.98449952831723
scaffold-617	31450	0.999205087440382	5.31615262321145
unplaced-442	201	1	7.49253731343284
scaffold-565	310	1	3.98387096774194
scaffold-571	129443	1	6.74427354124982
unplaced-635	387	1	118.958656330749
unplaced-329	493	1	10.4766734279919
scaffold-477	50206	0.978428873043063	4.72638728438832
scaffold-749	10435	1	10.2308576904648
scaffold-770	26577	0.988937803363811	3.87432742596982
unplaced-316	496	1	38.7802419354839
scaffold-176	78752	0.999492076391711	5.6023593051605
unplaced-184	578	1	131.634948096886
scaffold-56	972	1	4.41358024691358
scaffold-161	46958	0.969824098130244	5.43396226415094
unplaced-103	262	0	0
unplaced-575	227	1	97.6916299559471
scaffold-348	4329	1	5.18572418572419
unplaced-247	492	1	109.272357723577
unplaced-208	201	1	208.855721393035
scaffold-347	8940	1	7.90939597315436
unplaced-58	200	0	0
scaffold-723	234	0	0
scaffold-265	203	0	0
scaffold-496	49317	0.9835959202709	4.02005393677636
scaffold-795	226	1	6.91592920353982
scaffold-703	3259	1	3.82694077938018
scaffold-97	33094	1	5.15758143470115
scaffold-742	401	0.880299251870324	0.880299251870324
scaffold-225	6443	1	3.41362719230172
scaffold-888	318	1	14.9213836477987
unplaced-558	833	1	8.5906362545018
scaffold-854	209	0	0
scaffold-628	11730	1	3.92608695652174
unplaced-665	230	1	4.18260869565217
unplaced-112	314	0	0
unplaced-37	342	1	7.92982456140351
unplaced-21	212	1	58.0801886792453
scaffold-230	1100	1	4.99909090909091
unplaced-95	257	0	0
unplaced-538	237	0	0
scaffold-802	215	0.990697674418605	0.990697674418605
scaffold-154	35440	0.927144469525959	4.50214446952596
unplaced-393	1311	1	17.1067887109077
scaffold-277	9252	1	6.52853437094682
scaffold-765	82489	1	4.80344045872783
scaffold-416	588	1	9.10374149659864
unplaced-677	412	0.320388349514563	0.320388349514563
unplaced-468	552	1	1
unplaced-308	310	1	5.90967741935484
unplaced-78	240	1	74
unplaced-543	627	1	122.425837320574
unplaced-342	739	1	141.075778078484
scaffold-234	1563	1	4.39347408829175
unplaced-242	922	1	12.7537960954447
unplaced-54	497	1	2.99195171026157
scaffold-386	1188	1	2.91835016835017
scaffold-203	7196	1	5.57406892718177
scaffold-35	34517	1	5.36115537271489
scaffold-90	1390	1	6.4136690647482
scaffold-296	1486	1	64.8613728129206
unplaced-26	611	1	6.82324058919804
unplaced-282	362	0.994475138121547	2.78729281767956
scaffold-221	89297	0.996864396340303	5.06882650033036
scaffold-358	78248	0.988868725079235	4.36066097536039
scaffold-246	13471	1	6.88233984114023
scaffold-435	110583	0.992693271117622	5.37235379759999
scaffold-487	16840	1	4.62054631828979
unplaced-516	299	1	75.9397993311037
scaffold-306	11622	0.999569781448976	7.39038031319911
scaffold-423	21535	1	7.16814488042721
scaffold-762	3115	1	6.07865168539326
scaffold-104	408	1	1.94362745098039
unplaced-496	513	1	70.8499025341131
unplaced-159	207	0.995169082125604	0.995169082125604
unplaced-643	211	0	0
scaffold-132	9701	1	8.32388413565612
unplaced-93	1331	1	65.5439519158527
unplaced-7	211	1	84.1658767772512
unplaced-569	948	1	8.75316455696202
unplaced-460	564	1	4.39893617021277
scaffold-208	201	1	1
scaffold-581	13227	0.977848340515612	3.40152717925455
scaffold-123	20267	0.971283367049884	3.37065179849016
scaffold-475	32468	1	4.50036959467784
unplaced-77	276	1	92.7971014492754
unplaced-179	304	1	4.73355263157895
scaffold-84	24310	1	4.92455779514603
scaffold-295	225	0	0
scaffold-298	386	1	1.96113989637306
unplaced-542	201	0	0
scaffold-48	234	1	8.4957264957265
scaffold-114	9748	1	4.01323348379155
scaffold-288	200	1	71.495
unplaced-689	315	0.806349206349206	71.7492063492063
unplaced-303	224	1	1.91071428571429
unplaced-298	234	1	47.8675213675214
scaffold-846	330	0	0
unplaced-609	701	1	3.87303851640514
unplaced-252	476	1	1
unplaced-213	528	1	3.97348484848485
scaffold-33	6174	0.999838030450275	10.6796242306446
scaffold-324	215	0	0
scaffold-583	511	0.804305283757339	1.73385518590998
scaffold-658	201	1	69.1293532338308
scaffold-518	69904	1	4.48239013504234
scaffold-544	49962	0.990873063528282	6.15922100796605
unplaced-62	207	0	0
scaffold-502	36181	0.999309029601172	6.19493656891739
unplaced-80	221	0	0
scaffold-689	201	1	1
scaffold-787	12360	1	6.36868932038835
unplaced-207	810	1	104.76049382716
scaffold-349	59286	1	3.88393549910603
scaffold-633	60607	0.989192667513654	4.49505832659594
scaffold-395	10522	1	4.77561300133055
scaffold-451	22208	1	7.3873378962536
unplaced-123	233	1	6.931330472103
scaffold-239	222	0	0
unplaced-650	259	0	0
scaffold-611	257	0	0
unplaced-300	330	1	92.6121212121212
scaffold-491	5708	0.999824807288017	2.81552207428171
unplaced-29	214	1	51.285046728972
unplaced-483	795	1	9.2503144654088
scaffold-262	201	1	33.2487562189055
scaffold-618	2141	1	6.18542737038767
unplaced-82	347	1	98.7579250720461
unplaced-604	238	1	1.98319327731092
scaffold-743	21523	1	5.81266552060586
scaffold-735	13002	1	7.61667435779111
scaffold-460	34073	0.999941302497579	6.30287911249376
scaffold-290	211	0	0
scaffold-823	351	0.219373219373219	0.219373219373219
unplaced-672	201	1	66.4427860696517
unplaced-415	201	1	32.4378109452736
unplaced-621	259	1	90.6486486486486
unplaced-493	202	0	0
scaffold-596	229	1	1
unplaced-315	336	1	1.98809523809524
scaffold-341	1318	0.930955993930197	1.7845220030349
scaffold-55	115544	0.980596136536731	5.87327771238662
scaffold-169	1628	1	4.24017199017199
unplaced-645	555	1	13.9441441441441
unplaced-461	492	1	1.99186991869919
unplaced-347	378	1	1
unplaced-186	316	1	8.9873417721519
unplaced-309	442	1	9.45927601809955
scaffold-489	17188	1	8.38614149406563
unplaced-94	201	1	203.059701492537
scaffold-91	238	0	0
scaffold-329	239	1	6.98326359832636
scaffold-563	48680	1	6.04506984387839
unplaced-241	486	1	11.5987654320988
scaffold-872	201	0.985074626865672	1.87064676616915
scaffold-538	337	1	3.65281899109792
scaffold-637	4641	1	4.06184012066365
scaffold-281	4981	0.88777353944991	2.65870307167235
scaffold-726	2691	0.999256781865478	4.78000743218135
scaffold-775	48863	0.991158954628246	6.21513210404601
scaffold-744	37951	0.999973650233195	7.21901926167953
unplaced-584	316	1	108.572784810127
unplaced-105	271	1	85.4649446494465
unplaced-503	582	1	148.810996563574
scaffold-508	1530	1	2.50980392156863
scaffold-419	15560	1	4.2848971722365
scaffold-831	201	1	74.3283582089552
scaffold-29	52452	1	5.16594219476855
scaffold-409	969	1	1.93498452012384
scaffold-7	201	1	3.96019900497512
unplaced-627	204	1	2.99019607843137
unplaced-162	306	1	1
scaffold-394	15796	0.999936692833629	5.30241833375538
unplaced-362	239	0.841004184100418	0.841004184100418
scaffold-705	61548	1	6.11581204913238
unplaced-18	205	1	76.3219512195122
scaffold-668	83721	1	5.99584333679722
unplaced-126	449	1	48.9443207126949
scaffold-490	5196	1	8.29715165511932
scaffold-50	27675	0.99996386630533	6.77593495934959
scaffold-847	22655	1	6.51485323328184
unplaced-451	201	1	205.278606965174
scaffold-686	4763	1	4.81083350829309
scaffold-172	66070	1	6.65080974723778
scaffold-525	346	0	0
scaffold-430	48273	0.973152694052576	5.45172249497649
scaffold-365	100543	1	6.24244353162329
unplaced-644	205	1	51.409756097561
scaffold-41	28065	1	5.39543915909496
unplaced-4	245	1	91.2122448979592
scaffold-87	335	0.976119402985075	0.976119402985075
scaffold-24	240	1	1
scaffold-815	631	1	1.98573692551506
unplaced-49	384	1	101.263020833333
scaffold-352	52879	1	5.44872255526769
scaffold-652	6612	1	4.36645493042952
unplaced-200	458	1	7.3471615720524
scaffold-232	44350	1	4.75204058624577
unplaced-42	1108	1	6.9187725631769
scaffold-54	10526	1	3.07353220596618
unplaced-57	217	0.244239631336406	0.244239631336406
unplaced-546	484	1	102.72520661157
scaffold-188	61756	0.993749595181035	5.23458449381437
scaffold-879	24496	1	5.75857282821685
scaffold-470	76758	1	5.32150394747127
scaffold-149	18597	1	4.51610474807765
unplaced-657	222	0	0
scaffold-16	7617	1	7.7571222265984
unplaced-445	248	1	78.375
unplaced-149	463	1	4.68250539956803
scaffold-226	1073	1	9.69338303821062
scaffold-524	331	0.987915407854985	0.987915407854985
unplaced-81	243	0.991769547325103	0.991769547325103
scaffold-584	71306	0.985583260875663	5.62618853953384
scaffold-659	8854	1	5.84910774791055
unplaced-467	242	1	74.8347107438017
unplaced-297	201	1	2
scaffold-573	56873	1	4.8393438011007
unplaced-594	239	0	0
unplaced-519	425	1	17.8023529411765
scaffold-0	16501	1	7.27307435912975
scaffold-159	18774	1	5.51198465963567
scaffold-274	4767	1	9.03922802601217
unplaced-166	359	1	11.924791086351
scaffold-331	1156	0.999134948096886	0.999134948096886
scaffold-671	31069	1	5.30812063471628
scaffold-304	29939	0.979658639233107	5.70105881959985
scaffold-86	79235	0.995393449864328	6.37614690477693
unplaced-586	445	1	7.9438202247191
unplaced-111	3865	1	8.60284605433376
unplaced-33	282	0	0
unplaced-679	201	1	70.6716417910448
scaffold-407	10322	1	8.63824840147258
scaffold-257	220	1	11.7136363636364
unplaced-488	215	1	81.3348837209302
unplaced-485	264	1	75.8674242424242
unplaced-514	519	1	125.02119460501
scaffold-303	53367	1	4.32027282777747
scaffold-74	9758	1	4.75466284074605
unplaced-688	352	1	5.80681818181818
unplaced-296	201	0	0
scaffold-156	1245	1	4.94136546184739
scaffold-105	582	1	9.54123711340206
scaffold-591	8520	1	8
unplaced-20	226	1	5.9070796460177
unplaced-425	741	1	6.19163292847503
unplaced-332	201	1	57.6119402985075
scaffold-111	201	1	12.9004975124378
scaffold-520	32679	1	6.05584626212552
unplaced-158	474	0.704641350210971	1.22573839662447
unplaced-536	212	1	79.1556603773585
scaffold-248	63963	0.977033597548583	4.17505432828354
scaffold-838	277	1	1.97833935018051
scaffold-511	13690	1	4.40606281957633
scaffold-449	418	1	2.74401913875598
unplaced-669	201	1	149.074626865672
scaffold-673	27846	1	5.49569058392588
unplaced-566	215	0	0
scaffold-271	42641	1	5.19225627916794
unplaced-124	1003	1	5.3419740777667
unplaced-264	210	1	67.6285714285714
scaffold-466	6708	0.999552772808587	4.72689326177698
scaffold-67	6159	1	8.1420685176165
scaffold-402	103632	0.987561756986259	5.3180195306469
scaffold-317	205	1	2
scaffold-179	88741	0.992078069888777	5.51502687596489
unplaced-16	229	1	1
unplaced-582	448	1	9.56026785714286
scaffold-809	11504	1	5.83788247566064
unplaced-373	841	0	0
scaffold-133	9020	1	6.82893569844789
scaffold-377	23925	1	5.53905956112853
scaffold-418	81337	1	6.06335370126757
scaffold-72	203	0.975369458128079	0.975369458128079
unplaced-170	288	0.979166666666667	0.979166666666667
unplaced-75	1178	1	15.3616298811545
scaffold-140	38720	1	5.35415805785124
scaffold-384	10751	1	9.75899916286857
unplaced-576	355	0.980281690140845	0.980281690140845
scaffold-798	99566	0.987877387863327	6.12848763634172
scaffold-549	16745	1	4.28707076739325
scaffold-150	1498	1	40.4853137516689
unplaced-473	200	1	54.325
scaffold-14	1950	0.935897435897436	0.935897435897436
unplaced-288	238	1	85.6344537815126
scaffold-542	8021	1	6.66724847275901
unplaced-400	262	1	6.88167938931298
unplaced-180	464	1	97.2586206896552
scaffold-764	15157	1	8.04387411756944
unplaced-291	254	1	45.3661417322835
unplaced-278	201	1	72.0696517412935
scaffold-852	31852	1	4.48430239859349
scaffold-393	4514	1	5.3227735932654
unplaced-661	242	0	0
unplaced-508	269	1	1
unplaced-60	762	1	146.160104986877
unplaced-358	341	1	91.2434017595308
unplaced-348	254	0	0
scaffold-853	200	1	3.975
unplaced-23	513	1	115.393762183236
scaffold-293	71998	1	5.46644351231979
unplaced-189	515	1	13.6563106796117
unplaced-325	201	0.975124378109453	0.975124378109453
scaffold-512	45739	0.999628325936291	3.92688952535036
unplaced-243	303	1	83.4092409240924
unplaced-41	431	1	4.48723897911833
scaffold-482	3512	1	2.32659453302961
scaffold-372	5048	1	3.52535657686212
unplaced-410	240	1	4.95
scaffold-551	21380	1	3.91613657623948
scaffold-622	10791	1	4.48169771105551
unplaced-433	241	1	80.0207468879668
unplaced-139	466	1	4.79399141630901
unplaced-520	201	1	50.955223880597
scaffold-867	10718	1	9.39167755178205
unplaced-11	601	1	126.169717138103
unplaced-555	201	1	70.2189054726368
unplaced-611	201	0.955223880597015	0.955223880597015
scaffold-785	258	0.961240310077519	0.961240310077519
unplaced-436	2849	1	9.45630045630046
unplaced-212	201	1	5.95024875621891
scaffold-43	59020	0.96845137241613	6.01074212131481
scaffold-80	1636	1	15.2585574572127
scaffold-212	39594	1	5.10365206849523
unplaced-313	376	1	1
scaffold-207	13781	1	3.11399753283506
scaffold-129	2528	1	4.13607594936709
scaffold-732	11024	1	6.31857764876633
unplaced-310	201	1	113.338308457711
scaffold-128	8399	1	8.21502559828551
scaffold-31	107844	1	6.42223953117466
unplaced-505	201	0.990049751243781	4.69154228855721
scaffold-514	46055	0.975985235045055	5.09178156551949
unplaced-307	459	1	4.32461873638344
scaffold-807	81844	1	4.59470455989443
unplaced-625	263	1	106.338403041825
unplaced-602	218	1	1
unplaced-118	213	1	88.5680751173709
scaffold-313	25088	1	3.19323979591837
scaffold-241	707	1	7.3960396039604
scaffold-89	81032	1	6.81227169513279
scaffold-598	32349	1	3.87437015054561
scaffold-594	208	1	6.88461538461539
unplaced-683	277	1	106.86642599278
unplaced-147	201	1	53.452736318408
scaffold-21	1982	0.99949545913219	1.34409687184662
scaffold-167	15266	1	5.7204244726844
scaffold-170	398	0.861809045226131	0.861809045226131
scaffold-136	24305	1	5.62443941575807
scaffold-883	5948	1	4.32969065232011
unplaced-522	233	1	56.8669527896996
scaffold-195	65877	1	4.850053888307
unplaced-190	568	1	9.85211267605634
scaffold-575	56755	0.986556250550612	5.60378821249229
scaffold-739	3396	1	3.91401648998822
scaffold-835	642	1	2.5607476635514
scaffold-639	201	0	0
unplaced-107	220	1	1.99090909090909
unplaced-588	208	1	51.2884615384615
scaffold-370	21261	0.9978834485678	5.46893372842293
unplaced-421	284	0.996478873239437	0.996478873239437
unplaced-177	1079	1	3.09453197405005
scaffold-556	20212	1	4.72738966950327
scaffold-283	17987	0.999777617167955	3.86918329904931
unplaced-417	215	1	2.95348837209302
scaffold-82	8073	1	5.68623807754243
scaffold-211	20171	1	4.89346090922612
scaffold-791	16450	0.999817629179331	3.75848024316109
unplaced-250	350	1	98.0257142857143
scaffold-453	26443	1	6.05600726090081
scaffold-2	16760	1	5.73723150357995
unplaced-399	222	1	81.4324324324324
scaffold-773	200	1	30.44
unplaced-341	3020	1	104.960264900662
scaffold-800	28108	0.902625587021489	5.28817418528533
unplaced-475	661	1	8.68532526475038
scaffold-680	17331	1	5.06254688131095
scaffold-501	9601	0.956462868451203	2.76679512550776
scaffold-186	25269	1	3.97328742728244
unplaced-219	492	1	2.57723577235772
scaffold-859	219	0	0
unplaced-51	263	1	7.33840304182509
scaffold-237	690	0.955072463768116	0.955072463768116
unplaced-256	200	1	46.6
scaffold-266	270	1	4
scaffold-389	199501	0.992335878015649	4.74050255387191
unplaced-673	533	1	6.90806754221388
unplaced-375	200	1	56.86
unplaced-596	201	1	213.761194029851
unplaced-481	200	1	53.97
unplaced-223	201	1	49.0696517412935
scaffold-699	18554	1	5.42573030074377
scaffold-431	707	1	4.2022630834512
scaffold-561	97282	0.997275960609363	4.96719845397915
scaffold-612	38009	1	6.37712120813492
unplaced-663	213	1	66.4835680751174
scaffold-656	218	0	0
scaffold-707	77988	1	5.97513720059496
unplaced-620	268	1	1
scaffold-367	415	1	8.9421686746988
unplaced-330	201	1	3
scaffold-440	25666	1	6.2127327982545
scaffold-718	145713	0.998380377866079	4.75744099702841
scaffold-218	73023	0.989701874751791	5.35657258671925
unplaced-353	225	1	2.70222222222222
scaffold-473	47738	0.989149105534375	5.03330679961456
unplaced-202	201	1	58.2437810945274
scaffold-497	63017	0.999984131266166	5.95072758144628
unplaced-547	227	0.81057268722467	0.81057268722467
unplaced-224	515	0.980582524271845	0.980582524271845
unplaced-47	353	0	0
scaffold-828	546	1	13.7362637362637
scaffold-412	1078	1	5.0974025974026
unplaced-132	201	1	30.7661691542289
scaffold-751	2052	1	6.08138401559454
unplaced-364	201	1	50.7960199004975
unplaced-334	201	1	42.407960199005
scaffold-840	59063	0.993092121971454	5.90281563753958
unplaced-108	202	0	0
scaffold-769	3284	1	5.14433617539586
unplaced-631	201	1	46.2039800995025
unplaced-534	687	1	107.311499272198
scaffold-713	91674	0.993345986866505	5.09587233021358
unplaced-245	528	1	141.145833333333
scaffold-665	248	0	0
scaffold-405	89705	0.972052839863999	5.94805194805195
scaffold-343	42321	1	7.39847829682663
unplaced-262	463	0	0
scaffold-301	47265	0.987220988046123	5.54761451391093
unplaced-322	240	1	64.825
unplaced-235	284	1	4
scaffold-93	14776	1	5.12838386572821
scaffold-118	274	0.339416058394161	0.339416058394161
scaffold-344	11939	1	4.87679035095067
unplaced-691	404	1	2.65346534653465
scaffold-614	508	0	0
unplaced-458	409	1	128.772616136919
scaffold-756	2908	1	8.93913342503439
scaffold-850	3753	1	4.45057287503331
unplaced-606	538	1	69.7509293680297
scaffold-333	25792	0.997557382133995	5.14554900744417
scaffold-548	245	1	19.3877551020408
unplaced-236	327	1	113.596330275229
unplaced-529	290	0.927586206896552	0.927586206896552
scaffold-253	42786	1	6.42630767073342
unplaced-443	325	0	0
unplaced-286	276	1	3.97101449275362
scaffold-76	54962	0.997853062115644	5.97831228849023
unplaced-25	501	1	107.075848303393
unplaced-266	793	1	1
scaffold-484	6814	1	5.30995010272967
unplaced-465	516	1	6.88565891472868
scaffold-700	1253	1	3.52992817238627
scaffold-464	47929	1	6.40105155542573
scaffold-268	245	1	34.5224489795918
unplaced-169	205	0.921951219512195	0.921951219512195
scaffold-721	34612	1	7.02591586732925
unplaced-553	913	1	130.565169769989
scaffold-869	244	0.987704918032787	0.987704918032787
scaffold-506	343	0.982507288629738	0.982507288629738
scaffold-554	71883	0.977685961910327	5.64233546179208
scaffold-315	862	1	8.06496519721578
scaffold-630	206	0	0
scaffold-746	1019	1	10.7723258096173
unplaced-97	288	0	0
scaffold-255	3831	1	4.97233098407726
unplaced-527	5178	0	0
unplaced-409	201	1	197.129353233831
scaffold-142	524	1	25.7003816793893
unplaced-269	201	1	90.0746268656716
unplaced-84	213	1	98.7464788732394
scaffold-66	2849	1	8.02316602316602
unplaced-428	460	1	82.4152173913044
scaffold-45	1562	1	7.87259923175416
scaffold-59	5702	1	4.59452823570677
unplaced-156	730	1	8.34246575342466
unplaced-210	562	1	139.927046263345
unplaced-172	201	1	86.1990049751244
scaffold-862	249	1	1
scaffold-18	38529	0.999896182096603	5.07368475693633
unplaced-394	306	1	124.411764705882
scaffold-193	80639	0.987685859199643	5.32111013281415
unplaced-574	276	1	74.8804347826087
unplaced-412	449	1	108.360801781737
scaffold-320	247	0.983805668016194	0.983805668016194
unplaced-142	288	1	99.3993055555556
scaffold-382	8258	0.999394526519738	5.99128118188423
scaffold-107	25318	1	6.78604155146536
scaffold-627	20044	0.984833366593494	4.44831370983836
scaffold-568	2739	1	5.72070098576123
scaffold-426	5145	1	10.4744412050535
unplaced-618	200	1	63.655
unplaced-616	813	1	145.356703567036
scaffold-228	47198	0.99129200389847	4.16456205771431
unplaced-91	201	1	33.5373134328358
scaffold-606	814	1	9.98771498771499
scaffold-272	103118	0.989090168544774	5.54971004092399
unplaced-647	221	1	68.6742081447964
scaffold-766	585	1	4.54188034188034
unplaced-579	217	0	0
unplaced-397	267	1	1
scaffold-821	10642	1	7.25258410073295
unplaced-383	200	1	43.695
unplaced-294	215	1	8.69767441860465
scaffold-259	1400	1	4.96857142857143
scaffold-448	201	1	24.6268656716418
unplaced-356	518	1	10.7413127413127
scaffold-379	449	0.988864142538975	3.57015590200445
unplaced-571	201	1	49.4179104477612
scaffold-813	217	1	1
unplaced-121	384	1	116.682291666667
unplaced-182	255	1	3.98823529411765
scaffold-863	207	0	0
