##FastQC	0.9
>>Basic Statistics	pass
#Measure	Value	
Filename	440_A_CGTACG_L003.fastq	
File type	Conventional base calls	
Total Sequences	84206756	
Sequence length	101	
%GC	49	
>>END_MODULE
>>Per base sequence quality	pass
#Base	Mean	Median	Lower Quartile	Upper Quartile	10th Percentile	90th Percentile
1	32.0567581774555	33.0	31.0	34.0	30.0	34.0
2	32.27064687066202	34.0	31.0	34.0	30.0	34.0
3	32.31257864867755	34.0	31.0	34.0	30.0	34.0
4	35.795463584893355	37.0	35.0	37.0	35.0	37.0
5	35.73281755444896	37.0	35.0	37.0	35.0	37.0
6	35.729214684389454	37.0	35.0	37.0	33.0	37.0
7	35.71529092036273	37.0	35.0	37.0	33.0	37.0
8	35.702595240695416	37.0	35.0	37.0	33.0	37.0
9	37.35927749075145	39.0	37.0	39.0	34.0	39.0
10	37.56469475204578	39.2	37.2	39.4	34.0	39.4
11	38.50097778140272	40.0	38.0	41.0	34.0	41.0
12	38.24647845120646	40.0	38.0	41.0	33.6	41.0
13	37.862430928938764	40.0	38.0	41.0	32.8	41.0
14	37.55437682221127	40.0	37.2	41.0	31.8	41.0
15	37.23855808434183	40.0	37.0	41.0	31.0	41.0
16	36.90008829932838	39.2	36.0	41.0	30.8	41.0
17	36.36425556638235	39.0	35.2	40.8	29.6	41.0
18	35.489059621296896	37.8	34.4	40.0	28.6	41.0
19	34.98611276035856	36.6	34.0	39.6	28.2	41.0
20	33.90876728940846	35.2	33.2	38.6	26.4	40.6
21	32.82405829289992	35.0	32.6	36.6	25.6	39.4
22	31.811444552026206	35.0	31.4	35.4	23.6	38.2
23	30.8209189390932	34.0	30.8	35.0	20.4	36.2
24	30.283758956347867	34.0	30.2	35.0	18.4	35.6
25	29.416502621238607	34.0	29.4	35.0	10.2	35.0
26	28.378693776067088	33.4	28.2	35.0	2.0	35.0
27	26.99336720678326	33.0	25.8	35.0	2.0	35.0
28	24.51865953012131	31.0	20.5	34.0	2.0	35.0
>>END_MODULE
>>Per sequence quality scores	pass
#Quality	Count
2	160593.0
3	44822.0
4	46832.0
5	53791.0
6	66127.0
7	85813.0
8	114229.0
9	144600.0
10	172926.0
11	196349.0
12	213102.0
13	226830.0
14	242451.0
15	261565.0
16	289762.0
17	320728.0
18	356554.0
19	395666.0
20	438149.0
21	487223.0
22	550992.0
23	630887.0
24	735136.0
25	865777.0
26	1031033.0
27	1228729.0
28	1468652.0
29	1769316.0
30	2149718.0
31	2651331.0
32	3355224.0
33	4398700.0
34	6139108.0
35	9429696.0
36	1.5627423E7
37	1.8298034E7
38	8309937.0
39	1246197.0
40	2754.0
>>END_MODULE
>>Per base sequence content	pass
#Base	G	A	T	C
1	15034712	26600855	13927955	28643234
2	20136007	23347545	27968825	12754379
3	17407416	24761224	22131070	19907046
4	19532466	22209972	21585980	20878338
5	21190567	22023211	21457650	19535328
6	20035027	21361647	21052157	21757925
7	21459513	21635594	21138467	19973182
8	18190361	20595272	24143382	21277741
9	19553996	19347576	24093491	21211693
10-14	20602164	20586490	21924776	21093326
15-19	20555968	21199456	21911761	20539571
20-24	20207211	21172883	21682680	21143982
25-29	20550634	21307550	21284301	21064271
30-34	20583656	21337520	21493461	20792119
35-39	20442167	21277078	21267904	21219607
40-44	20939077	21274308	20984236	21009135
45-49	21066023	21259875	21119943	20760915
50-54	20683453	21024117	21134820	21364366
55-59	20888712	21154643	20907550	21255851
60-64	20907045	21218377	21235098	20846236
65-69	20741034	21075436	21215588	21174698
70-74	20785880	21208067	21052997	21159812
75-79	20792054	21207639	21467264	20739799
80-84	20703949	20982570	21331373	21188864
85-89	20860246	21062547	21099213	21184750
90-94	20842856	21132590	21408089	20823221
95-99	20749667	20908257	21329155	21219677
100-101	20931203	21019805	21068447	21187301
>>END_MODULE
>>Per base GC content	fail
#Base	%GC
1	51.869883219346434
2	39.05908214775546
3	44.312907624656624
4	47.989978381307075
5	48.364165697108675
6	49.63135261973517
7	49.20352827746981
8	46.87046963310165
9	48.41142318794468
10-14	49.19626686485821
15-19	49.78918936148069
20-24	49.649073525644425
25-29	49.78234525505293
30-34	50.000634390903265
35-39	49.959627229910154
40-44	49.9789363694286
45-49	50.105647580106286
50-54	50.04887968846585
55-59	50.071772863450526
60-64	50.12141994877466
65-69	50.06908186796794
70-74	50.111673937421365
75-79	50.16023061142505
80-84	50.09952788111206
85-89	50.14714021283518
90-94	50.23508660041481
95-99	50.193406096774474
100-101	50.43748746240742
>>END_MODULE
>>Per sequence GC content	fail
#GC Content	Count
0	980.0
1	943.0
2	1007.0
3	1352.0
4	1673.5
5	2813.0
6	3162.5
7	2244.0
8	1962.5
9	2385.0
10	3676.0
11	5180.5
12	7116.0
13	9730.0
14	10977.5
15	12194.0
16	17933.5
17	28616.5
18	39882.0
19	51743.5
20	66453.0
21	84793.0
22	104234.5
23	129125.0
24	167761.0
25	211235.0
26	256105.0
27	311317.0
28	371517.5
29	416079.5
30	473876.0
31	536132.5
32	578158.0
33	621812.5
34	669071.0
35	699988.0
36	729330.5
37	774204.5
38	823851.5
39	890666.5
40	999442.5
41	1152857.0
42	1335733.0
43	1577225.0
44	1885426.0
45	2243556.0
46	2670800.5
47	3147988.5
48	3624856.5
49	4090051.5
50	4518028.5
51	4873964.0
52	5128412.5
53	5237665.5
54	5187310.0
55	4973425.5
56	4587477.5
57	4056586.5
58	3446478.0
59	2821228.5
60	2216476.5
61	1668599.5
62	1205146.5
63	839138.5
64	569015.0
65	375162.5
66	240724.5
67	152592.5
68	94840.0
69	58044.0
70	36550.0
71	23421.0
72	14853.0
73	9604.5
74	6453.0
75	4443.5
76	3219.5
77	2312.5
78	1585.0
79	1145.5
80	874.0
81	678.5
82	542.5
83	407.0
84	313.5
85	253.5
86	189.0
87	148.0
88	122.0
89	92.5
90	75.0
91	69.0
92	56.0
93	47.5
94	47.0
95	41.5
96	36.5
97	31.0
98	29.5
99	29.5
100	26.5
>>END_MODULE
>>Per base N content	pass
#Base	N-Count
1	0.0
2	0.0
3	0.0
4	0.0
5	0.0
6	0.0
7	0.0
8	0.0
9	0.0
10-14	0.0
15-19	0.0
20-24	0.0
25-29	0.0
30-34	0.0
35-39	0.0
40-44	0.0
45-49	0.0
50-54	0.0
55-59	0.0
60-64	0.0
65-69	0.0
70-74	0.0
75-79	0.0
80-84	0.0
85-89	0.0
90-94	0.0
95-99	0.0
100-101	0.0
>>END_MODULE
>>Sequence Length Distribution	pass
#Length	Count
101	8.4206756E7
>>END_MODULE
>>Sequence Duplication Levels	fail
#Total Duplicate Percentage	77.0288939764743
#Duplication Level	Relative count
1	100.0
2	75.73674714322536
3	67.7678494716041
4	50.5520233697053
5	33.520921041326574
6	20.018901967522982
7	11.55167969756852
8	6.441704613798437
9	3.6150012887705127
10++	60.38534238336627
>>END_MODULE
>>Overrepresented sequences	pass
>>END_MODULE
>>Kmer Content	pass
>>END_MODULE
