Base	G	A	T	C
1	15034712	26600855	13927955	28643234
2	20136007	23347545	27968825	12754379
3	17407416	24761224	22131070	19907046
4	19532466	22209972	21585980	20878338
5	21190567	22023211	21457650	19535328
6	20035027	21361647	21052157	21757925
7	21459513	21635594	21138467	19973182
8	18190361	20595272	24143382	21277741
9	19553996	19347576	24093491	21211693
10-14	20602164	20586490	21924776	21093326
15-19	20555968	21199456	21911761	20539571
20-24	20207211	21172883	21682680	21143982
25-29	20550634	21307550	21284301	21064271
30-34	20583656	21337520	21493461	20792119
35-39	20442167	21277078	21267904	21219607
40-44	20939077	21274308	20984236	21009135
45-49	21066023	21259875	21119943	20760915
50-54	20683453	21024117	21134820	21364366
55-59	20888712	21154643	20907550	21255851
60-64	20907045	21218377	21235098	20846236
65-69	20741034	21075436	21215588	21174698
70-74	20785880	21208067	21052997	21159812
75-79	20792054	21207639	21467264	20739799
80-84	20703949	20982570	21331373	21188864
85-89	20860246	21062547	21099213	21184750
90-94	20842856	21132590	21408089	20823221
95-99	20749667	20908257	21329155	21219677
100-101	20931203	21019805	21068447	21187301
